# Distance between Na and Cl atoms
dist: DISTANCE ATOMS=1525,1526

# Solvation of Na atom
COORDINATION ...
  LABEL=coord
  GROUPA=1525
  GROUPB=1-1524:3
  SWITCH={RATIONAL R_0=0.315 D_MAX=0.5 NN=12 MM=24}
  NLIST
  NL_CUTOFF=0.55
  NL_STRIDE=10
... COORDINATION

PINES ...
LABEL=pines
PRECISION=10000
NLIST
ONLYCROSS
REF_FILE=nvt.pdb
PINESATOMS=5
ATOMTYPES=NA,CL,OW,HW1,HW2
SFACTOR=1.0,1.0,1.0,1.0,1.0
SORT=1.0,1.0,1.0,1.0,1.0
SWITCH1={RATIONAL R_0=0.38 MM=12 NN=6}
SWITCH2={RATIONAL R_0=0.35 MM=12 NN=6}
SWITCH3={RATIONAL R_0=0.41 MM=12 NN=6}
SWITCH4={RATIONAL R_0=0.40 MM=12 NN=6}
SWITCH5={RATIONAL R_0=0.28 MM=12 NN=6}
NL_CUTOFF=5.0,1.5,1.5,1.5,1.5
NL_STRIDE=10.0,10.0,10.0,10.0,10.0
NL_SKIN=0.1,0.1,0.1,0.1,0.1
NL_CONSTANT_SIZE=15
WRITEPINESSTRIDE=100000000
... PINES

ANNB ...
LABEL=ann
ARG=pines.*
NUM_LAYERS=6
NUM_NODES=91,64,32,16,3,3
ACTIVATIONS=BNTanh,BNTanh,BNTanh,BNTanh,Linear
WEIGHTS0=-0.098864,0.019493,0.018532,-0.038759,-0.019354,-0.027355,-0.031003,-0.049426,0.062728,-0.033128,-0.023738,0.019495,0.005797,0.008320,-0.083476,-0.091944,0.037884,0.011537,0.022994,-0.009678,-0.046000,0.010757,0.023326,-0.071474,-0.008451,0.013106,0.022918,0.023575,-0.075901,-0.032010,-0.041032,0.005847,-0.105977,0.071323,-0.072775,0.079449,0.013785,-0.079932,0.099030,0.019112,0.011394,-0.010134,-0.080966,0.094532,0.045159,0.052616,-0.064419,-0.062395,0.033655,-0.073256,-0.004779,-0.046039,-0.074756,0.049563,0.091807,-0.060664,0.031850,0.017221,-0.114700,0.072842,0.038286,0.027363,-0.028551,0.011107,0.025290,-0.006822,0.056619,0.088788,0.031370,-0.051608,0.091713,-0.000172,0.000023,-0.034628,-0.091897,0.048583,0.055322,-0.056408,0.098032,0.020524,-0.081521,0.047757,0.046653,0.124759,-0.074047,-0.079468,-0.029149,0.047921,-0.008202,-0.006012,0.066294,0.051767,-0.025746,-0.050671,-0.013116,-0.011878,0.078108,-0.008373,0.053224,0.028335,0.031863,-0.102532,0.025853,-0.007161,-0.047840,0.041381,0.067746,-0.016305,0.018643,-0.072227,-0.020480,-0.024081,0.010738,-0.012289,-0.101327,-0.098949,0.072727,-0.070423,-0.064581,0.071677,-0.090376,0.077051,-0.095021,0.080568,-0.034315,0.042990,-0.032250,-0.040182,0.088062,0.077960,0.061313,0.096392,-0.081910,-0.033088,-0.020257,-0.004920,0.035549,0.023866,-0.023298,0.025253,0.077641,-0.006456,0.017058,-0.079182,0.059493,0.015896,-0.095800,-0.015709,0.088559,-0.034392,-0.044613,0.012301,0.040900,0.082618,0.022257,-0.046668,0.030997,-0.021120,-0.049586,-0.001158,-0.072742,0.068650,0.001256,-0.095896,-0.003946,0.047692,-0.114826,0.035547,-0.096349,0.010373,-0.070075,0.053270,-0.086711,-0.065640,-0.126724,-0.045869,-0.026906,-0.046100,0.064982,-0.022571,-0.010206,-0.006951,0.059660,0.022273,0.050942,0.019894,0.009198,0.052969,-0.023778,-0.039065,0.029165,-0.020196,-0.045359,0.018759,-0.105110,-0.046638,-0.067903,0.027905,-0.009678,-0.057998,-0.028265,-0.041351,0.025404,0.013368,0.032932,-0.021295,-0.095137,0.028242,-0.017061,-0.098484,-0.076218,0.015901,-0.069825,-0.093881,-0.101487,0.040198,0.022101,0.099513,0.055310,-0.055253,-0.088787,0.048192,-0.058685,0.092903,-0.074236,0.022368,0.025970,-0.070424,0.044928,-0.008227,-0.110121,0.022152,0.019544,-0.023331,-0.050310,-0.009547,-0.054931,0.042106,0.005901,0.045559,-0.045510,0.019823,-0.074422,-0.022085,-0.025408,0.012203,0.032648,-0.072694,0.014426,-0.092262,0.021551,-0.020448,-0.025318,-0.046672,0.007198,0.026800,0.093246,-0.049104,0.012020,0.101293,-0.048474,0.054022,0.094465,-0.091207,-0.003465,-0.025082,-0.077688,-0.022480,0.024103,0.004069,0.001521,-0.048529,-0.070897,-0.093478,0.052158,-0.043340,-0.107729,0.010521,-0.104357,-0.032216,0.009845,0.025504,-0.033860,-0.095719,-0.000363,-0.038135,-0.097931,-0.030413,-0.035980,0.068859,-0.047630,0.050198,0.051860,0.002164,-0.081452,0.054963,-0.049918,-0.053622,-0.101624,-0.026197,-0.064965,-0.060783,0.073214,-0.086410,-0.052322,0.055695,-0.052135,-0.003437,0.046179,-0.028502,0.097352,-0.035575,-0.114273,0.020361,0.068239,-0.072105,-0.083274,-0.073390,-0.033578,-0.106240,0.059083,-0.002951,0.110003,0.080400,0.016099,0.099826,-0.018974,-0.079460,-0.050590,0.003763,0.030654,-0.036245,-0.061854,-0.094243,-0.057997,0.003112,0.007367,-0.078552,0.078726,0.035049,0.045232,0.041261,0.030507,-0.093444,0.027019,-0.095583,-0.045941,-0.000205,0.047035,-0.033991,-0.044077,-0.019863,-0.047356,0.009153,-0.011203,0.058726,0.030837,0.014581,-0.053816,-0.090743,-0.020318,-0.033081,-0.073545,-0.035632,0.086988,-0.088593,0.046716,-0.068256,0.023275,-0.070821,-0.017658,-0.024808,-0.035606,-0.006739,-0.100676,-0.096962,0.085941,-0.002476,0.096211,0.118613,-0.074634,0.057405,0.029955,0.067717,-0.104619,-0.016490,-0.091691,-0.019927,-0.093791,0.060424,-0.040945,-0.079342,0.076471,0.006511,-0.082997,-0.056232,0.080238,-0.072741,0.027128,-0.067381,0.077872,-0.102302,0.088334,-0.053164,0.047783,0.054497,0.054519,-0.099331,-0.022839,0.078108,0.026738,-0.037983,-0.033569,0.049373,-0.100694,0.096418,0.062912,0.069336,-0.038589,0.054229,0.031885,0.040522,-0.058772,0.094754,0.104272,0.022854,-0.046976,-0.103353,0.000572,-0.060333,-0.067955,0.079337,0.034146,-0.018748,0.076257,-0.061226,-0.002143,-0.020609,0.083909,0.013140,-0.046501,0.014811,0.053799,0.075627,-0.077599,0.017164,0.018995,-0.010345,0.096032,0.094784,-0.032441,-0.016437,0.047412,-0.036154,-0.069176,-0.106680,-0.004164,-0.030265,-0.085596,0.094037,-0.070217,-0.080776,-0.074022,-0.001663,0.043083,-0.119168,-0.026682,-0.079169,-0.017752,0.036824,0.016732,0.035532,-0.078047,0.019202,0.000943,-0.083045,-0.076872,-0.022561,-0.027217,0.034369,0.023736,0.059502,0.021401,-0.017545,-0.027523,0.030776,-0.031442,-0.029468,0.007918,-0.099837,-0.125341,0.035160,0.070746,-0.019126,-0.103784,-0.032180,-0.069007,0.056182,-0.029734,-0.061174,-0.059984,0.030117,-0.045572,-0.035334,0.099027,-0.031947,0.026867,-0.051618,0.024263,-0.069693,-0.053781,0.051996,-0.083413,-0.016031,0.039134,-0.095472,0.011953,0.039884,0.038477,0.058711,-0.012792,0.095687,-0.067145,-0.055780,0.037115,0.017466,-0.039120,0.017597,-0.069350,0.092264,0.087753,-0.039526,-0.085391,0.033459,-0.077702,0.095720,-0.006309,-0.062717,0.064980,0.104887,-0.064009,0.042735,0.028259,0.034063,-0.019581,0.000088,-0.050191,-0.045654,0.067244,0.027548,0.005735,0.073360,-0.096079,-0.024563,0.088603,0.030312,-0.142204,-0.055584,0.017190,-0.019612,0.013421,0.053223,0.103592,0.022943,0.072404,0.044783,0.047388,-0.001639,0.046501,-0.061119,-0.055318,0.101263,-0.076981,-0.039085,-0.008181,-0.078798,-0.010487,0.066406,-0.073751,-0.017308,-0.047809,-0.066410,0.098421,-0.078121,-0.070187,0.058339,0.076288,-0.082431,0.067120,0.022265,0.021953,-0.029158,-0.007713,-0.020983,-0.013585,-0.023948,0.015492,0.085685,0.025698,-0.018234,0.028751,-0.110733,-0.013091,0.062042,-0.044795,-0.081860,0.096235,0.011192,0.073938,-0.026004,0.059441,0.066636,-0.002056,-0.031568,-0.010473,-0.063052,0.099269,-0.064982,-0.075093,0.077992,0.092178,0.036890,0.062500,0.065405,0.012760,0.021925,0.113315,0.056767,-0.047340,-0.015741,0.004052,-0.050347,0.075164,-0.026922,-0.045467,-0.007622,-0.079807,0.079303,-0.007170,-0.075915,-0.048005,-0.093025,0.067735,0.042696,0.000154,-0.002696,-0.079722,-0.140707,0.043279,-0.028440,-0.005152,-0.095122,-0.103325,0.019062,0.042376,0.015084,-0.013935,-0.094641,-0.023102,0.083046,-0.089902,0.075050,-0.017855,0.042028,-0.050586,0.050511,-0.038166,-0.086836,0.015305,0.054485,-0.090940,-0.060241,-0.093301,0.052257,0.063265,-0.064459,0.082848,-0.109103,0.016326,0.013005,0.013024,-0.049040,-0.033942,-0.079840,0.020971,0.026306,-0.070002,0.064622,-0.023278,-0.044077,0.004562,0.040408,-0.006712,0.052086,0.025695,0.064674,0.080865,0.006386,-0.038038,0.031095,-0.097906,-0.088739,0.017893,0.073472,0.069772,-0.013555,-0.016279,-0.070010,-0.041947,-0.042354,0.047958,-0.013338,-0.031466,0.052937,0.074581,-0.029183,0.006958,-0.059487,0.071575,-0.066057,-0.017492,-0.094501,-0.033035,0.087349,-0.084379,-0.055198,0.021604,-0.054257,-0.048274,-0.053708,0.023060,0.064851,0.036747,-0.056201,-0.067692,0.071800,0.007775,-0.036912,-0.049899,-0.062820,0.044587,0.053840,-0.032577,-0.112328,0.069094,-0.019663,0.027942,-0.075063,-0.079894,-0.056289,0.010957,-0.020594,-0.114289,-0.012322,0.026582,-0.065412,-0.051100,-0.084701,0.083816,0.042521,-0.028235,0.051917,0.036498,-0.052476,0.037314,-0.044977,0.030704,-0.045888,0.055524,-0.087098,0.062131,0.034391,-0.052604,-0.071305,0.087413,-0.126482,0.020460,-0.069003,-0.039454,0.068754,-0.027191,-0.052780,0.082885,-0.041609,0.074049,-0.094498,-0.102058,-0.048393,0.059141,-0.066944,-0.105181,-0.081871,0.076952,-0.105216,-0.119996,0.014115,0.036056,-0.095462,-0.042398,0.006180,-0.093603,0.054380,-0.041342,-0.067352,0.049975,-0.087422,-0.064866,-0.061865,-0.033216,-0.054056,0.022084,-0.104243,0.010275,0.088796,0.033210,-0.012059,0.020515,-0.053946,0.038533,0.112966,0.006646,0.078347,-0.094149,-0.087470,-0.049324,0.057135,0.051034,0.010158,0.078748,-0.052520,0.005800,-0.018424,0.016229,-0.000246,0.020521,-0.092248,0.046051,0.078071,0.080997,-0.077785,-0.001106,0.047463,0.053545,0.059423,-0.115681,0.015981,-0.001106,0.072987,-0.046796,-0.072922,0.086696,0.014892,-0.052877,-0.009907,0.074874,-0.041562,0.048743,-0.012057,-0.030146,-0.073234,0.050541,-0.025227,0.077942,0.098548,0.089730,0.007030,-0.073977,-0.082449,0.072232,-0.008170,0.042661,0.082600,-0.108931,-0.073896,0.078792,-0.076590,-0.088764,-0.003888,-0.042038,-0.082933,-0.075404,-0.079449,0.038768,0.070750,0.052862,-0.024321,0.096199,0.013677,-0.044295,0.017399,-0.013255,-0.070098,-0.040463,-0.025422,-0.053397,0.052244,-0.080273,0.050133,-0.084213,-0.046967,-0.048418,0.010378,0.052866,-0.126443,-0.018860,-0.099400,0.045647,0.041098,-0.036461,0.001215,-0.085066,0.008821,0.002837,0.092256,0.007067,-0.024363,-0.045826,0.105743,-0.051886,0.047099,-0.023617,0.044343,0.052158,0.050905,0.042922,-0.024747,-0.048759,-0.072704,-0.096272,0.078465,0.059181,-0.064249,-0.043921,-0.034898,-0.096856,0.013450,0.011632,0.070921,0.003742,0.075240,-0.002363,0.124074,0.039510,0.095707,-0.040216,-0.006291,-0.098332,-0.029864,-0.078595,-0.076546,0.065378,-0.035190,0.004696,-0.108606,0.043519,0.039551,0.088650,0.051693,0.065613,0.017373,-0.085645,-0.086315,0.092156,-0.056609,0.050873,0.100554,0.008662,-0.091250,-0.080540,-0.019915,-0.084655,0.058790,-0.088946,-0.010421,0.003245,0.008117,-0.008334,0.045175,-0.082944,-0.068293,0.045658,0.097586,-0.002669,0.087038,-0.024064,0.001663,0.027204,-0.058896,0.072733,0.061333,-0.054268,-0.059212,0.074017,-0.043335,-0.060088,-0.064643,-0.037458,-0.099713,-0.037004,-0.047696,-0.008790,0.060420,0.078873,-0.060172,0.022779,-0.074445,-0.087667,-0.032378,0.038640,-0.048910,-0.002537,0.023414,-0.016948,0.048714,-0.079241,-0.091189,-0.032463,-0.072329,-0.006292,-0.058203,-0.042850,0.059217,-0.043945,0.060242,-0.098946,0.039402,-0.095605,-0.108055,-0.041277,-0.112688,-0.101862,0.012564,0.100594,0.073953,0.093329,0.006277,-0.007347,0.064560,0.088655,0.074804,-0.080427,0.107165,0.076081,-0.075388,-0.089269,-0.086114,-0.050600,0.016400,-0.105329,-0.045265,0.076714,-0.086843,0.025960,0.025234,0.019589,0.104710,-0.010230,-0.002295,-0.104801,-0.088853,-0.035906,-0.094524,0.058968,-0.047393,0.000911,-0.055096,0.019971,-0.059243,-0.035483,0.105279,-0.074139,0.093985,-0.006929,0.010357,-0.055123,0.086360,-0.014009,-0.028135,-0.026955,0.003182,0.090354,-0.004216,-0.094212,-0.035872,-0.021788,0.074373,-0.034681,-0.006378,0.018167,-0.068415,0.030566,0.027158,-0.002961,-0.005179,0.046620,-0.051215,-0.102148,-0.014209,-0.096314,-0.046927,0.085912,0.026083,-0.060273,-0.062266,-0.030120,0.004205,-0.013271,0.064385,0.058692,-0.044167,0.034027,0.071957,0.027167,-0.068804,-0.010263,-0.044170,0.005651,0.086198,-0.004140,-0.057304,-0.020064,-0.098602,-0.072922,0.073936,0.075423,0.093682,-0.007208,0.081778,-0.079149,0.020410,-0.101612,-0.063553,0.063516,-0.017029,0.020369,-0.000974,0.036495,0.062689,0.088677,-0.035959,-0.026944,-0.043807,0.098559,-0.000562,0.091034,-0.070651,0.062256,0.028938,0.081196,0.000241,0.119582,0.024321,0.057305,0.022471,0.017461,0.043459,0.020067,-0.080747,-0.006875,-0.068868,0.015427,0.092752,-0.030136,0.007123,-0.076267,0.067144,-0.071857,0.058375,0.100217,-0.016151,0.076782,0.105736,-0.077469,0.042838,0.023510,-0.108404,-0.075859,-0.026547,0.043955,-0.042859,-0.079200,0.019287,0.101489,-0.055995,-0.000686,-0.077574,0.039892,0.018159,0.053130,-0.059523,-0.045391,0.010271,-0.065985,0.051312,0.067430,0.092243,0.050885,0.046158,0.093979,0.057613,-0.055522,0.073654,-0.079966,-0.056605,-0.100481,0.020163,0.001441,0.077787,-0.041118,0.090618,-0.115199,0.045382,-0.055819,-0.035108,-0.107002,0.040266,-0.116846,0.057802,-0.072173,0.032907,0.043864,-0.043095,0.051203,0.048550,0.039052,-0.086691,0.068468,0.084581,0.055091,0.027749,-0.085243,0.051270,0.092130,-0.103171,-0.097881,-0.004186,-0.076974,-0.115104,0.084792,-0.055201,0.008508,-0.024359,0.039501,0.038371,-0.005982,-0.057242,0.070868,-0.034978,0.099272,0.060410,0.027069,0.024891,-0.062108,-0.049209,-0.081217,-0.084613,-0.005819,-0.065117,0.016617,-0.010962,-0.106427,-0.100874,-0.087301,-0.003232,-0.097613,0.071307,0.004689,-0.110598,0.082479,0.103365,-0.080363,0.000792,0.054563,0.027793,-0.126773,-0.001959,0.016573,0.048007,-0.027739,-0.026750,-0.077317,0.070323,-0.016892,-0.074221,-0.022775,-0.028670,-0.005627,-0.076944,-0.067223,-0.066257,-0.009956,-0.066344,0.032852,0.034799,-0.039648,0.013782,0.072147,0.045556,-0.042849,0.078723,0.109343,0.052262,0.044581,-0.047517,-0.053972,-0.049487,-0.020837,-0.076503,-0.069335,-0.031986,0.000238,-0.053946,0.018365,0.053797,-0.068800,0.087032,-0.004297,0.087933,0.073273,0.001334,-0.100979,-0.020069,-0.019840,-0.054267,0.099483,0.083294,-0.083386,-0.036445,-0.080561,0.019011,-0.064322,-0.043091,-0.044522,0.101834,0.097102,0.111767,0.056321,-0.034103,-0.078032,-0.024592,0.110487,0.010522,0.037498,0.010881,-0.029356,0.023153,-0.042590,0.037366,0.013465,-0.006513,0.110139,0.031923,0.023495,0.032958,0.082927,-0.013539,0.048559,0.012414,0.062605,0.096369,-0.016317,0.047525,0.096609,0.007182,0.026603,-0.051572,0.006141,0.026440,0.068212,-0.041985,0.017068,0.011817,-0.032719,-0.027582,0.096842,0.133881,0.069857,-0.067457,-0.054190,-0.035808,0.022464,-0.083577,-0.055949,0.062968,0.046661,0.066842,0.027463,-0.056771,0.070076,-0.006882,0.083667,0.050234,0.021853,-0.083869,-0.053656,0.078163,0.014979,-0.003668,-0.043854,-0.047234,0.087610,-0.000454,-0.039444,0.087152,0.035377,-0.000091,-0.080022,-0.053700,0.069997,0.009340,-0.009914,-0.022780,-0.072553,-0.067308,-0.093230,0.077646,0.002176,0.015710,0.075370,-0.075452,-0.046846,-0.009627,0.044573,0.004806,0.053374,0.045703,-0.042842,-0.060535,0.104455,0.051545,-0.068792,0.020410,0.076899,0.066701,0.029434,-0.043271,0.033900,0.096981,-0.029622,0.020053,0.067049,0.087682,0.078675,-0.032999,0.014368,-0.031469,-0.013064,0.091597,-0.053506,0.100400,0.009607,-0.024347,0.037338,0.082826,0.078715,0.016579,-0.010014,0.071474,-0.040427,-0.052902,0.064280,0.046454,-0.072216,-0.067037,0.116253,-0.040366,0.129216,0.005616,-0.006928,-0.107737,0.069541,-0.034222,0.091156,0.010670,0.088094,0.088296,0.010990,-0.030086,-0.057870,0.101645,0.091904,0.066710,0.045850,0.109517,0.143477,0.132998,-0.066077,-0.064230,-0.034045,0.024562,-0.004801,-0.068184,0.041178,0.091046,-0.031401,-0.019218,0.075658,-0.086872,-0.034251,-0.093967,-0.056009,0.049463,-0.008066,-0.075538,0.064998,-0.085456,-0.019045,0.003990,-0.116752,0.090893,0.103985,0.078673,0.002193,0.011274,0.056179,0.107830,0.025141,-0.115768,-0.071534,0.032678,-0.026033,-0.019301,-0.030858,0.074729,0.068433,0.073143,-0.084472,-0.087971,-0.002707,0.009608,0.007721,-0.022280,-0.081601,0.027786,0.028285,0.088460,0.077102,-0.095118,0.098721,-0.023099,-0.033657,-0.089435,-0.030335,-0.053173,0.078512,-0.098269,0.059435,-0.013174,-0.004121,0.058004,-0.111509,-0.117774,0.068063,0.074463,0.078177,0.091979,0.032077,-0.020182,-0.070255,-0.003986,-0.017837,-0.046004,0.110486,-0.016343,0.016609,0.082864,0.035134,-0.004497,-0.090106,-0.064088,-0.057992,0.062104,-0.093083,-0.072027,0.066996,-0.064147,0.071931,0.013123,0.058387,-0.024956,-0.046540,0.075360,0.025240,0.079509,0.071859,0.013037,-0.065420,-0.070549,0.052592,-0.112324,0.051497,0.086829,0.028086,0.042905,0.090689,-0.014730,0.101947,0.003478,0.021238,0.082242,-0.070101,0.001401,0.076705,-0.074606,-0.032646,-0.020135,0.041254,-0.065859,0.082591,0.070413,0.035469,0.014898,-0.050562,0.041856,0.066118,-0.069645,0.105603,-0.074749,-0.001055,0.032909,-0.045276,0.102485,0.045460,-0.031109,0.035329,-0.026523,0.008511,-0.084504,-0.019626,-0.039230,0.135697,0.058234,0.019372,0.097524,0.065554,0.039436,-0.000987,-0.056617,-0.092525,-0.087713,-0.005497,-0.063163,0.068053,-0.099533,-0.102933,-0.117870,-0.072131,0.078441,0.048336,0.099660,-0.040098,-0.012937,0.053753,-0.013733,-0.071224,-0.064277,0.043950,0.016258,-0.058416,-0.088060,0.009630,-0.021628,0.026856,-0.100042,-0.109497,0.032173,-0.068109,0.001715,-0.076751,0.058418,-0.085277,-0.033392,0.054660,-0.043584,0.059168,0.105424,0.075626,-0.031477,0.067233,0.064002,0.062095,-0.042890,-0.059495,-0.076150,-0.067332,-0.070064,-0.059298,-0.017002,0.077739,-0.056489,-0.092632,0.042213,-0.025711,-0.091883,-0.081093,0.070320,0.070021,0.113569,-0.042592,0.002271,0.075141,0.023024,-0.042770,0.086869,0.083682,-0.021201,-0.032452,0.054617,-0.037493,0.034808,0.084797,0.070058,-0.044967,-0.060041,-0.021340,-0.084875,0.100077,0.084908,0.055782,0.007908,0.052181,0.098972,0.061777,-0.019834,0.060627,0.009729,-0.081032,0.085717,0.043473,-0.018053,-0.063588,0.102914,-0.053506,0.104016,-0.049814,0.094990,-0.114257,-0.085759,0.022303,-0.100104,-0.025051,-0.075019,-0.042213,0.074708,-0.006715,0.004011,-0.043244,0.052837,-0.030493,0.089660,0.001494,0.061246,-0.035928,0.110389,-0.058079,0.070359,-0.081750,-0.057338,-0.006404,-0.084461,0.015441,0.027124,-0.002576,-0.082101,0.080452,0.083804,0.040920,-0.073877,0.026635,-0.040325,-0.077700,-0.081967,-0.084875,0.029048,0.006185,-0.058252,-0.060015,-0.020861,-0.028978,0.093499,-0.008908,-0.056601,-0.118425,-0.024591,-0.010274,-0.066071,-0.024382,0.035683,-0.031292,0.014184,-0.021309,-0.091174,-0.058659,-0.019094,-0.009440,0.093837,-0.008278,0.042461,-0.087632,-0.035397,0.094194,0.024645,-0.092071,-0.005336,-0.103740,0.052411,-0.035736,-0.057905,-0.028806,0.070415,-0.030376,0.037446,-0.021406,-0.085905,0.089596,-0.063412,0.032699,0.014532,-0.098897,-0.015655,-0.089539,-0.087592,-0.031034,0.074555,-0.017499,0.008727,0.096835,0.063786,-0.093122,-0.043562,-0.017488,-0.020552,-0.106466,0.083539,0.055834,-0.035209,-0.056588,0.111707,-0.039131,-0.000159,-0.001453,0.102642,-0.028314,0.004296,-0.044584,-0.021352,0.043887,0.048649,0.000436,0.083713,-0.013267,0.028971,0.025441,-0.026257,-0.042231,0.023302,0.094706,0.025191,0.019909,0.069961,-0.080579,0.018873,-0.005424,0.066807,-0.045828,-0.040231,0.094978,-0.038511,-0.058329,-0.097672,0.063566,0.066392,-0.026805,0.111062,0.099055,-0.092474,-0.105940,-0.034779,0.003416,-0.083372,-0.010119,0.035861,-0.037396,-0.016516,-0.096511,0.098237,0.038635,-0.020833,0.087936,-0.044482,-0.088323,0.066614,0.069050,0.066026,-0.030195,0.124995,-0.022604,0.062004,0.031459,-0.013870,-0.056737,-0.004792,0.102670,0.124346,-0.078047,0.072082,0.048811,0.004966,0.061884,0.070217,0.031217,0.063245,0.023011,0.038256,-0.044806,0.118187,0.088385,-0.081180,-0.015347,0.002676,-0.086288,-0.052486,-0.045846,0.106542,-0.025429,0.079477,0.066695,0.038271,0.013659,0.023054,0.070755,-0.051930,-0.011432,0.112352,-0.054062,0.050152,0.046570,0.029264,-0.054660,-0.106908,-0.062218,-0.111300,-0.081602,0.059340,0.092064,-0.032539,-0.093113,-0.001386,-0.017369,0.033783,-0.016818,0.049737,0.018844,0.080034,-0.076181,-0.012442,0.008642,0.075536,-0.028576,-0.105879,-0.085352,0.039653,0.048150,0.033834,-0.022744,-0.002404,0.082521,0.042545,0.082779,-0.041944,-0.028864,-0.019376,-0.009736,-0.053104,-0.013665,-0.037675,0.071193,-0.017630,0.005492,-0.029772,-0.067769,-0.068619,-0.035425,0.067923,0.080928,-0.051645,-0.063384,0.000909,-0.096970,0.005931,-0.045899,0.050422,0.053263,0.008824,-0.089322,0.009948,0.117400,-0.031733,-0.036265,0.096361,-0.001533,0.054520,-0.030888,0.046689,-0.071873,0.041202,0.017050,-0.067995,-0.100979,-0.003718,-0.044207,-0.030473,-0.095428,-0.089441,-0.048473,-0.056962,0.128361,0.082501,0.034303,0.012237,-0.103241,0.056299,-0.013132,-0.096236,0.100587,-0.033691,0.046529,-0.037704,-0.037298,-0.061311,0.040108,-0.062694,0.053238,0.028580,-0.001199,-0.070641,0.024603,0.037673,0.075929,0.019480,-0.014266,-0.041974,0.065822,0.055010,0.051269,-0.052220,0.084378,-0.009370,-0.027552,-0.026498,0.030266,0.084184,-0.041633,0.079541,0.096741,0.046067,-0.013998,-0.000957,-0.060497,-0.006468,-0.030910,0.037762,0.016558,-0.074427,0.044104,0.044173,-0.020237,0.014398,-0.015966,-0.022117,0.072715,-0.031096,0.069814,-0.009234,0.087561,0.091191,0.010912,-0.036754,0.016945,0.066529,-0.054185,-0.044340,0.042519,-0.021348,0.041175,-0.025405,-0.036817,0.005152,-0.036693,0.014474,-0.004025,-0.068892,0.077359,-0.064167,-0.129641,-0.074854,-0.090315,-0.088301,0.063817,0.056542,-0.075348,-0.019052,0.012323,-0.026691,0.047759,0.037636,-0.085788,0.058171,-0.033314,0.024747,-0.078476,-0.042125,0.056950,0.057733,-0.121922,-0.109571,-0.033351,-0.092709,-0.100664,0.005800,-0.055355,0.023273,-0.030979,-0.083286,0.012055,-0.089817,0.012844,0.063382,-0.030463,0.055032,0.005760,-0.110854,0.016611,-0.061293,-0.041077,0.067063,-0.094221,-0.046011,0.069964,-0.009772,0.068987,-0.005684,-0.064597,0.069044,-0.037814,-0.010068,-0.011628,0.086579,-0.046162,0.046178,0.054951,-0.016614,-0.043353,-0.013701,0.045993,-0.025427,0.031141,-0.077662,-0.093363,-0.087506,-0.073488,0.039664,-0.021213,-0.058483,0.057510,0.024112,-0.033981,-0.095950,-0.014426,0.006990,0.069058,-0.097085,-0.081007,0.037255,0.074859,-0.007462,-0.086124,0.061473,0.006617,0.028349,-0.025911,-0.054374,0.047546,0.039944,0.079518,-0.047882,-0.054601,-0.054709,-0.070847,-0.069937,0.052417,-0.043496,0.028474,-0.067890,-0.083441,-0.082201,0.076158,0.001484,0.005852,0.046718,-0.087960,-0.047162,0.078760,0.013113,-0.042753,0.070446,0.042917,-0.062097,0.080376,0.034984,-0.083045,0.034563,-0.013052,-0.004717,-0.062584,-0.028373,0.021072,-0.034966,0.088689,-0.097407,0.004555,-0.095342,0.070684,0.052626,-0.063682,0.045086,0.020814,-0.037320,-0.005968,-0.011779,-0.045603,-0.016647,0.062302,0.028788,0.065261,-0.020064,0.100964,0.033966,-0.083424,-0.093030,-0.031884,0.018893,0.048311,-0.022857,0.044641,0.074357,-0.056004,-0.060923,-0.072843,0.087979,0.081556,0.076177,0.013773,0.036528,-0.051881,-0.094813,0.025518,0.068908,0.071103,0.021716,0.001030,-0.092038,0.019312,0.025103,0.012203,0.015305,0.011388,0.000066,-0.036431,-0.035172,0.085684,-0.028180,0.002750,-0.024453,-0.014695,-0.026044,0.019305,-0.063228,-0.026986,-0.048729,0.034673,-0.052494,-0.086407,0.010029,0.043969,0.105545,-0.033666,-0.023369,-0.011542,0.103441,-0.070412,0.005353,-0.019880,0.065632,-0.117810,-0.006544,-0.110091,0.036630,-0.008342,-0.031253,-0.004501,-0.010815,-0.044702,-0.103569,0.005897,0.056442,-0.001590,0.084853,-0.050676,0.020941,0.063119,0.039097,-0.042439,-0.056821,-0.052916,-0.098736,0.101043,0.022553,-0.068082,-0.095559,-0.020554,-0.068300,0.023199,0.106185,-0.020983,0.088921,0.011342,0.049815,0.073940,0.029808,0.038305,-0.049942,-0.024987,0.058445,0.025693,0.029573,-0.039987,0.001181,0.045942,-0.076886,-0.056143,-0.001451,0.097052,0.101577,0.041484,0.066185,0.052975,0.076861,-0.000336,0.056359,0.103016,-0.055550,0.060959,0.080029,0.073977,-0.067905,-0.007680,0.006743,-0.003383,-0.071647,-0.085912,-0.048189,-0.033223,-0.037501,-0.006378,-0.014277,-0.074031,-0.041134,-0.097601,0.004427,-0.038763,-0.099668,0.065406,-0.084359,-0.077491,-0.001365,0.031865,0.037231,0.050707,0.052699,-0.050840,-0.063098,0.075523,-0.104383,-0.012147,0.004168,0.053977,0.086902,-0.020203,0.008263,0.061501,-0.022880,-0.041289,0.063914,0.013133,-0.099063,0.058373,-0.063624,-0.028487,-0.079087,0.011573,0.094629,-0.084045,-0.000975,0.065609,-0.083769,0.026546,0.027369,-0.062545,0.045402,0.030485,0.078420,0.078330,-0.015355,-0.034277,-0.009804,-0.079777,-0.068117,-0.064649,-0.083539,0.041072,-0.029671,-0.054517,0.015727,-0.106333,-0.057785,0.092204,0.067967,-0.047059,0.042289,-0.081950,-0.005369,0.035448,0.089811,-0.081125,0.025535,-0.038018,-0.098036,-0.079632,0.084969,-0.031414,-0.082327,0.060978,-0.111202,0.077296,-0.067622,0.050683,-0.046548,-0.065850,0.010396,0.013506,0.060421,-0.036924,0.083070,0.086359,-0.038330,0.069782,0.016495,0.074989,0.074571,-0.033583,-0.049537,-0.037110,-0.001619,0.019345,0.081254,0.036363,0.026910,0.015835,0.097896,0.040227,0.001077,-0.082091,0.005793,0.006789,-0.029295,-0.069204,-0.017622,-0.055681,0.026499,0.078440,0.075609,0.093641,0.020980,0.033131,0.098766,0.032797,-0.060035,0.004338,-0.066594,0.072828,0.091808,0.005628,-0.058890,0.100235,-0.036544,-0.028761,-0.003856,0.090389,-0.044868,0.048685,-0.084985,-0.074765,0.073959,-0.096604,-0.035939,0.066529,-0.013459,-0.051057,-0.068592,0.087120,-0.064751,-0.039625,0.018622,-0.034887,0.077626,-0.052906,0.067349,-0.060210,0.048134,0.043255,0.058316,0.022318,0.039321,0.087822,-0.085118,-0.016049,0.087153,-0.100505,0.025288,-0.058639,0.066309,0.009978,0.037336,0.077561,0.102504,0.083067,-0.097263,0.023958,-0.062497,0.056695,0.074211,-0.080710,0.077421,0.055783,-0.051232,-0.043548,0.040129,0.076417,-0.018701,-0.077422,0.026781,-0.001836,0.050714,-0.069531,0.024071,0.073513,0.010380,-0.067896,-0.027176,-0.015148,0.051125,0.080721,0.028066,0.079216,0.076358,-0.025542,-0.009536,-0.062441,-0.026282,-0.059463,0.023551,0.052381,-0.004327,0.088444,-0.114030,-0.073364,-0.058037,-0.118279,0.011615,-0.111639,0.062151,-0.009571,0.056860,-0.047779,-0.000288,-0.075020,0.049550,0.069328,0.056033,0.067093,-0.010017,-0.075525,-0.033868,-0.043398,-0.021861,0.043234,0.041286,0.040187,-0.029364,0.068552,0.017216,0.053790,0.030260,0.021353,-0.038877,-0.048162,-0.063230,0.019951,0.086458,-0.078632,-0.005113,-0.014299,0.009783,-0.005464,0.014480,0.080617,0.001229,-0.043555,-0.063752,-0.093778,0.011503,0.053964,-0.040799,-0.048703,0.012839,-0.095442,0.025830,0.061354,-0.067396,0.053709,-0.110759,-0.093326,-0.061281,-0.067596,0.057906,-0.011902,-0.025717,0.011336,0.015687,-0.042068,-0.070268,-0.069661,-0.011277,-0.072621,-0.091457,-0.043438,-0.090587,0.058902,-0.043696,-0.055475,0.023429,0.024924,0.046305,-0.083283,-0.075127,-0.000121,0.033994,0.091791,-0.086065,-0.095581,-0.000490,0.046409,0.072864,0.008771,-0.022589,0.033646,-0.070294,-0.005617,0.077324,-0.096047,-0.016584,-0.094429,0.094581,0.043849,0.003015,0.060753,-0.068104,-0.064338,0.061433,-0.011266,0.048984,0.073377,-0.086839,-0.036340,0.029812,0.030936,0.038766,-0.001239,-0.035378,-0.053417,0.005252,0.051791,-0.095081,-0.057090,-0.027232,0.000792,-0.024447,0.015370,0.079017,-0.076841,-0.035613,-0.089371,-0.077272,-0.110517,-0.001719,0.012819,0.011863,0.089824,0.089177,-0.071451,-0.075813,0.082506,-0.099900,-0.034729,-0.012173,0.014461,0.082941,-0.011549,0.079043,-0.033038,-0.046466,0.017536,-0.082647,0.056875,0.016672,0.055489,-0.015111,0.046237,-0.005148,-0.015606,0.023885,-0.004056,0.010064,0.018555,-0.062729,-0.057562,0.077561,0.076527,-0.047547,0.011780,-0.027005,-0.054078,-0.087867,-0.054625,0.080552,-0.018012,0.079290,0.040785,-0.065340,0.060642,0.082832,0.010299,0.098790,-0.031878,-0.075874,-0.020866,0.077552,0.091063,-0.042920,0.003922,-0.031277,0.059544,0.033430,0.039362,0.094258,0.007742,0.047035,-0.086583,-0.057370,0.071457,0.067284,-0.012772,0.063784,0.068649,-0.024993,-0.046192,0.065120,-0.061583,-0.029326,0.076350,-0.038205,-0.048200,0.059916,0.103578,0.117908,0.040930,-0.044107,-0.003516,0.069606,-0.108965,-0.046750,0.038304,0.064518,-0.039771,0.101177,-0.052668,-0.002528,-0.046830,0.054529,-0.050323,0.100136,-0.067727,0.049362,-0.093435,-0.054385,-0.004159,0.075859,-0.035983,-0.055521,0.098778,-0.088317,-0.059419,0.049922,0.103472,0.042246,-0.007278,-0.037618,0.054798,-0.096549,-0.003556,-0.104471,-0.051440,0.052068,-0.062226,-0.112762,0.016223,-0.038689,-0.067754,-0.112862,0.010981,-0.032509,0.035561,-0.028795,0.002036,0.085564,-0.050165,-0.081247,-0.031247,0.014743,-0.108156,-0.081195,0.030012,0.039599,-0.082524,-0.128994,-0.095330,-0.111685,-0.047951,0.048257,-0.062292,-0.061913,-0.070554,0.005222,-0.016046,0.088302,-0.083150,0.070581,-0.057897,-0.049168,0.059388,-0.082447,-0.059464,-0.039403,-0.038696,-0.048261,-0.013533,0.062383,0.055832,0.032181,-0.013815,0.062168,0.045466,-0.091378,-0.071154,0.013465,-0.005267,0.062021,-0.076953,0.052761,-0.008509,-0.102246,-0.015108,0.042320,-0.038518,-0.096254,0.064309,0.043896,0.058170,0.065087,-0.012306,-0.051227,-0.033637,0.053180,-0.091589,-0.037352,0.093332,-0.062402,-0.050225,-0.068485,-0.029294,-0.073838,0.027431,-0.017134,0.080752,-0.026966,-0.006184,0.022008,-0.015163,0.020627,-0.028579,0.012396,0.018561,-0.077480,0.057515,0.078698,0.037015,-0.053000,0.027928,-0.000273,-0.024309,0.075204,-0.002753,-0.010149,0.106320,0.073470,0.055150,0.045692,-0.083616,-0.098046,0.013057,0.025006,0.018284,0.086507,0.002280,-0.055224,0.026259,-0.029121,0.008918,-0.109363,0.005054,-0.082663,-0.085278,-0.075190,-0.085513,0.000393,0.094602,0.080473,-0.053618,-0.066399,-0.022633,-0.079071,0.050710,0.110185,-0.056253,0.075832,-0.082124,0.109301,0.027286,0.062890,0.074304,0.063319,0.037665,0.002225,0.062604,-0.007242,-0.018318,0.094370,-0.027446,-0.071544,0.032337,0.012211,0.094844,0.083619,0.061870,-0.068888,-0.047911,-0.048157,0.012329,0.044939,-0.070057,-0.075940,0.011770,0.090675,-0.071679,0.092925,0.020346,-0.109215,-0.102594,-0.014561,-0.098965,-0.023208,-0.048995,0.040073,-0.060368,-0.104993,-0.050351,0.106572,0.084409,-0.010858,0.081873,0.104648,0.010596,0.083732,-0.045923,-0.095994,0.068186,0.020527,0.012260,-0.046970,0.053163,-0.033903,0.035065,0.030712,0.057458,-0.046017,0.073349,0.012467,-0.052951,0.074207,-0.006128,0.067460,0.011294,0.011558,0.090021,-0.014694,-0.039025,0.019572,-0.037151,0.097514,0.036035,0.001502,0.009254,-0.041834,0.083128,-0.073201,0.024777,0.069556,0.108388,-0.089328,-0.018296,0.099138,-0.057374,-0.116544,0.058978,0.027126,-0.011266,0.059651,-0.021788,0.085375,-0.049431,0.070367,-0.045661,-0.030876,-0.000784,-0.008651,-0.070409,-0.005113,-0.005467,-0.025099,-0.122172,0.041015,0.055063,-0.037715,-0.062853,0.057985,-0.002958,0.015565,0.056843,0.050681,0.071050,-0.059489,0.003632,0.002798,0.025351,-0.084051,0.023951,0.008662,0.036917,-0.024593,0.012576,0.069017,-0.094068,-0.000137,0.029032,-0.117353,0.046931,-0.057758,0.062500,-0.000371,-0.071849,-0.074283,-0.037837,-0.087095,-0.015943,0.050597,-0.046593,0.098827,0.014871,0.086924,0.117433,0.112275,-0.033482,0.014130,0.021186,-0.003859,-0.102856,0.047984,0.002626,-0.017371,-0.002723,-0.057104,0.075523,-0.086021,-0.051177,0.020071,-0.095075,-0.058426,-0.061832,0.099119,0.104254,0.062177,0.097580,-0.017704,0.011613,0.076998,0.138963,-0.011319,0.018749,0.076464,-0.016575,0.042372,0.055343,-0.087357,0.068273,0.051536,0.086027,-0.002219,0.016735,0.074105,0.052330,-0.098796,0.097367,-0.029366,0.087744,0.084778,-0.021270,0.022083,0.067294,-0.059321,0.025067,-0.017467,0.022131,-0.005887,-0.107168,0.091571,0.060787,0.089845,-0.065084,0.036484,-0.045261,0.048540,-0.001715,0.029793,-0.068052,0.045500,-0.061360,-0.057333,-0.062770,0.066524,0.031837,0.062079,0.082173,-0.041271,0.009617,-0.099314,0.066277,-0.012001,0.087244,0.091913,0.067146,0.017686,-0.079446,-0.046302,-0.024980,-0.005087,-0.046626,0.094633,0.078893,0.078226,0.093386,-0.041187,-0.047256,0.060344,-0.010967,0.035917,0.038543,0.016424,-0.044325,0.064604,-0.000499,0.022135,-0.056304,0.099010,0.105746,-0.045924,0.027872,-0.058292,-0.061878,0.100144,-0.014457,0.073673,0.045143,0.034270,0.096303,0.005597,0.113194,0.011673,0.008309,-0.050660,0.029646,0.026860,-0.016766,-0.040978,0.005338,-0.047655,-0.036684,-0.083901,-0.098527,-0.073506,-0.031523,-0.039355,0.041440,-0.079402,0.036707,-0.096712,-0.003744,-0.090342,-0.106786,0.022036,0.004018,-0.002671,0.007333,0.059758,-0.069885,-0.042006,-0.001340,0.029147,0.087972,-0.039768,-0.063650,-0.029950,-0.048259,0.071068,0.044077,-0.088294,-0.083874,-0.055768,0.060415,0.036920,-0.023380,0.062195,0.053312,-0.103743,0.006766,-0.031436,0.053522,-0.068509,0.051903,-0.082017,0.131525,0.076586,0.003932,-0.067253,0.079634,0.064625,0.008899,0.011345,0.021592,0.021260,0.033026,-0.089522,-0.048013,0.037573,-0.040982,0.051702,0.107771,-0.000141,0.060370,0.067495,-0.022667,-0.021204,0.090991,-0.092699,-0.090601,-0.017293,-0.082665,0.060557,0.036667,0.023147,0.043774,-0.039065,-0.105824,-0.039660,0.023114,-0.082050,-0.083150,0.087330,-0.010093,0.002827,-0.093795,-0.053767,0.070318,-0.084081,0.014099,0.016894,-0.034825,-0.049621,0.027121,0.003642,0.005640,0.075392,-0.017957,0.045935,0.073409,0.035469,0.118704,0.007793,0.030011,-0.002885,-0.006356,-0.078958,0.035379,0.026644,-0.064552,0.051073,-0.051263,0.067895,-0.014327,0.035340,0.081672,-0.011077,-0.039540,0.122885,-0.036121,0.068730,0.005189,-0.009828,-0.014148,0.017649,-0.049298,0.066964,0.065266,0.071890,0.005519,0.082907,-0.061932,-0.023853,0.030272,0.059000,-0.103488,-0.046691,-0.096384,-0.026232,0.010221,-0.008776,0.004871,0.072315,-0.061559,-0.062867,-0.001843,-0.014723,-0.020803,0.090153,-0.017309,0.133386,0.139941,0.095378,-0.008477,-0.074779,-0.121018,0.030031,-0.050066,-0.020833,0.005447,0.081791,0.100562,0.098714,-0.065241,0.047660,0.016168,0.091887,0.005944,-0.064032,-0.001783,-0.053439,0.035248,0.090855,0.068844,-0.033534,0.041017,0.092387,0.029900,-0.017094,0.043582,0.007153,-0.095977,0.045742,0.032153,-0.109817,-0.037877,-0.125740,0.030614,0.025968,-0.035930,-0.056012,0.099528,-0.022804,0.075730,-0.024599,-0.026788,0.072992,-0.119742,-0.037049,0.040835,-0.019393,0.044244,0.063143,-0.065458,0.025942,-0.031957,-0.033679,0.092482,-0.001534,0.003876,-0.039087,0.017357,0.037067,-0.057361,-0.017835,-0.062400,0.096902,-0.044773,0.100206,-0.080050,0.039098,0.072349,0.015340,0.055727,0.048428,-0.000506,-0.059334,0.065475,0.010066,-0.103253,0.097463,-0.029823,0.005425,-0.020751,-0.108695,0.076257,-0.017274,0.086978,-0.002396,0.043420,0.073576,-0.034606,-0.094321,0.037698,0.114091,0.002131,0.012722,-0.014603,-0.112319,-0.020995,0.080169,0.051713,-0.070710,-0.067127,-0.025799,-0.072033,-0.063550,0.049250,-0.102840,-0.114283,0.028024,-0.044646,-0.141709,-0.046420,0.060239,-0.094652,-0.014901,0.050836,-0.075691,-0.048595,-0.027310,-0.000606,-0.063949,0.074977,-0.077356,0.030813,-0.102001,-0.047693,0.020226,-0.035242,0.108026,-0.048963,0.046580,-0.014872,0.003878,-0.023869,-0.013757,0.040496,-0.076002,0.054527,-0.015556,0.102220,0.088835,-0.036196,-0.077137,0.022712,0.076392,-0.047298,-0.032931,0.008453,0.006453,-0.002654,-0.072926,-0.108356,-0.008693,-0.048515,0.043463,0.088121,0.040498,0.029287,0.051137,-0.088235,0.017632,0.021118,0.062473,-0.089351,0.009792,-0.065951,0.044378,-0.048326,-0.088638,-0.085244,-0.030004,-0.049622,0.003510,-0.033413,0.001864,-0.083694,0.014216,0.037707,0.079954,-0.099198,0.007229,0.099704,-0.013451,0.050847,-0.063181,0.016951,0.069432,-0.066832,-0.066475,0.057626,-0.044773,0.022033,-0.037868,-0.048261,0.039634,-0.052483,0.024398,0.094471,0.088492,-0.077531,0.023882,-0.026382,0.075507,-0.028664,0.041644,-0.090877,0.064215,-0.040547,0.071187,0.091090,-0.075741,-0.092078,0.049495,0.063645,0.082563,0.002582,0.087241,-0.108263,-0.023511,-0.010423,-0.014391,0.000101,0.093685,0.017932,0.058396,0.062488,-0.061332,0.051198,0.071942,-0.084187,-0.034392,-0.076089,0.035379,0.080358,0.086878,0.081699,0.056034,0.062731,0.098125,-0.021753,0.032081,0.101505,0.061482,-0.078255,-0.043466,0.061258,-0.028960,-0.051412,0.032441,0.087813,-0.032547,-0.005688,0.023649,-0.017620,0.034202,0.006015,0.112618,-0.063896,0.047959,-0.026073,0.031488,0.026245,-0.073591,-0.049535,0.020773,-0.052206,0.088268,-0.028327,0.084602,-0.038910,0.070281,-0.088435,0.072644,-0.080838,0.024798,0.020471,0.037815,-0.001937,-0.069981,-0.031167,-0.042888,0.078957,0.052561,0.082720,-0.067216,0.076462,-0.066676,0.065397,-0.095951,-0.079787,0.096601,0.030157,0.088605,0.065974,-0.072064,0.057305,-0.081269,-0.083504,0.062980,-0.056293,0.021206,-0.068116,-0.069124,-0.066694,0.072584,-0.051571,-0.074502,-0.003202,-0.113784,-0.029020,-0.019045,-0.071765,-0.055365,-0.069639,-0.063470,-0.081636,0.036010,-0.028233,-0.097317,-0.094467,-0.017920,-0.035130,-0.031677,-0.072020,-0.084317,-0.106555,0.078792,-0.095938,0.037129,0.074215,0.046549,-0.053721,0.050650,0.075816,0.058761,0.049055,-0.001763,-0.025502,0.015440,0.037312,-0.099402,-0.071480,0.012238,0.032362,-0.092102,-0.073198,0.032548,0.037050,0.052837,-0.019424,0.009552,-0.022827,-0.099914,0.044780,0.090263,-0.057465,-0.037441,-0.020688,-0.076778,0.046554,-0.082823,-0.077521,-0.128587,-0.052373,0.040942,-0.050143,-0.018518,0.050663,-0.017914,-0.036012,-0.015830,0.040570,0.024896,-0.000958,0.032547,-0.089366,0.047572,-0.083016,-0.021375,-0.074703,-0.025275,-0.076456,0.080722,-0.033556,-0.006161,0.022784,-0.123794,-0.069500,0.056728,0.065564,0.074554,-0.079759,-0.077680,0.049772,0.000463,-0.079450,0.039836,0.016866,0.006002,0.032914,0.086978,-0.041381,0.062303,-0.033109,0.109727,0.029571,-0.083527,0.037550,0.035503,-0.048004,0.068992,-0.062496,0.030980,0.019921,0.068291,0.022650,-0.000810,0.097469,-0.001266,0.066733,0.072300,0.095100,0.015322,-0.017256,0.100636,-0.056551,-0.048984,0.052917,0.051092,0.110637,0.079108,0.023753,-0.038150,0.102341,0.050625,-0.052793,0.024414,-0.102928,0.070471,0.081777,0.007284,0.066815,-0.023657,0.016185,0.086639,-0.006125,-0.020017,-0.011347,-0.050153,0.042241,0.048896,0.010753,-0.044987,-0.044696,0.024738,-0.019392,-0.021922,-0.029834,0.058786,-0.092446,-0.054164,-0.041831,-0.087661,0.054131,-0.063476,0.028468,0.070482,0.035613,0.032622,0.036254,0.126596,-0.045401,0.119041,-0.025783,0.080426,0.110778,0.040512,0.092008,0.078039,0.020368,-0.000288,-0.049538,-0.037415,0.032776,-0.038708,-0.000212,0.057371,-0.013516,-0.061029,0.057563,-0.076383,0.045050,0.000175,-0.015681,-0.032200,0.009899,-0.013429,0.010359,0.053463,0.095513,0.020504,0.019178,-0.026558,0.097460,-0.021009,0.029154,-0.061655,-0.055260,0.111615,-0.010115,0.088664,0.019105,0.011557,-0.066999,-0.002196,-0.030675,0.018398,-0.072807,-0.087630,0.048302,-0.007617,-0.096279,0.053741,0.085175,-0.043256,0.043218,0.043383,-0.041480,-0.017445,-0.060389,-0.020285,-0.021561,0.004214,0.035181,-0.061634,0.062291,0.076866,-0.100788,0.019700,-0.002800,-0.082702,0.064775,-0.007014,0.021135,-0.080133,-0.077660,-0.103090,-0.089761,0.073626,-0.013200,-0.119240,-0.049419,-0.043472,0.052425,0.079842,0.020240,-0.045660,-0.016904,-0.064357,0.011680,0.044050,-0.039222,-0.003520,0.096355,0.016979,0.065609,0.020238,0.065833,0.081127,0.057444,0.050269,-0.040503,0.006426,0.074250,-0.055066,0.002961,0.006312,0.008206,-0.097559,0.059683,-0.072716,-0.046647,-0.010570,0.069058,-0.048290,-0.105282,-0.090460,-0.003177,-0.039762,-0.037622,-0.088761,0.017676,0.033288,0.080597,0.021890,0.102744,0.023578,0.013645,-0.015847,-0.045707,0.059004,-0.078543,0.025248,-0.010630,-0.010958,-0.059366,0.085904,0.065143,0.022610,0.062824,-0.032613,0.063350,0.011111,-0.087360,0.025701,-0.102321,-0.060207,0.067091,0.051644,-0.065554,-0.060999,-0.009712,-0.097262,-0.003201,-0.031015,-0.001340,-0.072373,-0.076359,0.059828,0.076865,-0.009310,0.013071,-0.040811,0.019267,0.000143,-0.069175,0.003459,-0.017060,0.089280,0.097630,-0.054288,0.066558,0.097395,0.056657,-0.016510,-0.099939,-0.058610,0.013828,0.080094,-0.058296,0.086392,0.002901,-0.048762,-0.072488,-0.094803,-0.017428,0.064679,0.091006,-0.079063,-0.106966,-0.028066,0.048736,-0.056063,0.056261,0.068977,0.049754,-0.032238,-0.010155,0.041782,-0.033235,0.053967,-0.095991,-0.073839,0.029058,-0.080333,-0.070253,-0.101785,0.059179,0.001848,-0.032676,-0.035054,-0.019463,0.053120,-0.064921,-0.023029,0.079918,-0.068274,0.005637,0.088124,0.058674,-0.022763,-0.013969,-0.023388,-0.051753,-0.025683,-0.002870,-0.076401,0.062977,0.083913,-0.062459,0.080535,-0.091302,0.045503,0.080258,-0.010451,0.079769,0.064741,-0.094624,-0.057152,0.003706,0.088373,-0.000121,0.087288,-0.076578,0.091422,0.019670,-0.015667,0.021135,-0.074376,0.074518,-0.034692,-0.008816,-0.037271,0.032465,0.066156,-0.070711,-0.019895,0.007643,-0.006603,-0.053063,0.094230,-0.048027,0.040740,0.072683,-0.041728,-0.043619,-0.041643,0.085114,-0.020019,-0.023412,0.025552,-0.068073,0.082238,0.038117,0.002752,-0.036163,-0.086118,-0.048286,-0.015890,-0.021022,-0.031581,-0.030119,-0.072916,-0.040440,0.037344,-0.060104,-0.089413,-0.030275,0.043034,-0.076471,-0.038386,-0.019841,0.046232,-0.018282,-0.062735,0.104066,0.042616,0.130847,0.065255,0.097439,0.071789,0.083931,0.052649,-0.036429,-0.034263,-0.017797,-0.029298,0.093264,0.003734,0.099330,0.061479,0.038640,-0.062631,-0.062337,-0.004824,0.028986,0.040572,0.097488,-0.019319,0.098881,0.067116,0.010302,-0.062451,0.102341,0.045082,0.022642,0.040602,-0.034321,0.032658,-0.004667,0.000333,-0.014311,-0.021231,-0.080497,-0.076020,-0.045831,0.078840,0.084259,-0.021866,-0.027906,0.060201,-0.023177,0.087167,-0.022818,-0.028090,-0.046794,0.050930,-0.080847,-0.044400,0.042555,0.091993,-0.056724,0.060019,0.055773,0.034922,-0.051814,0.032591,0.095611,-0.051564,0.057526,-0.037895,0.082726,-0.016558,-0.042764,-0.051108,-0.101010,-0.033239,0.016971,0.021627,-0.068080,-0.012786,-0.054663,0.039677,0.016202,-0.079690,-0.033046,0.027804,-0.060585,0.062239,0.007035,-0.072370,-0.081082,0.011664,0.005285,-0.020214,0.012082,0.069395,0.027242,-0.057562,0.018554,-0.101924,0.017964,-0.009057,0.002746,-0.067499,0.030747,0.078341,0.016348,0.086772,-0.070890,0.082994,-0.019566,-0.049709,-0.111499,-0.033740,-0.084529,-0.053173,-0.047797,0.041206,-0.018413,0.097817,0.095700,-0.068722,0.002682,-0.031205,-0.000438,-0.010839,-0.052413,0.072367,0.047820,0.029479,-0.030114,-0.042926,-0.087342,-0.085169,-0.072544,-0.014292,0.112679,-0.024761,0.096431,0.011504,0.006576,0.066258,0.018988,0.047429,0.037088,0.005991,-0.035541,-0.013132,0.058765,0.078544,-0.011845,-0.045048,-0.042864,-0.050658,-0.065805,0.020110,0.081694,0.078326,-0.069223,-0.061735,-0.016729,-0.014390,-0.104773,-0.015010,-0.048058,0.091422,-0.015119,-0.065002,0.089261,0.049160,0.081980,-0.032279,0.026754,-0.018814,0.040487,0.012496,-0.028030,-0.043070,-0.020520,-0.046772,0.066780,-0.012046,0.057217,0.078508,-0.013262,-0.027961,0.086707,0.086393,0.091877,-0.114022,0.087926,-0.098225,0.085764,0.083017,-0.049069,0.050592,-0.030338,0.042659,0.103328,-0.078819,0.076909,-0.027275,-0.037196,0.064983,0.058436,0.087564,-0.020335,-0.059843,0.046678,0.056584,0.064912,-0.093901,0.011849,0.069554,-0.045949,0.054557,0.070517,-0.096937,0.015649,0.006535,-0.046134,-0.091858,-0.093051,-0.120005,-0.005958,0.060953,-0.088250,-0.029650,0.073993,0.012881,0.100985,-0.029643,-0.028094,-0.086061,0.108447,0.081240,-0.083857,0.083044,-0.056936,0.063163,0.059263,0.096033,-0.082070,0.069050,0.117326,0.006302,0.070204,0.092045,-0.026017,0.063115,-0.003640,0.068710,0.100481,-0.075536,-0.066005,-0.056766,0.009571,0.052712,-0.089385,0.060817,-0.009335,-0.043484,-0.016669,0.042095,-0.014270,0.103829,-0.085525,0.104813,0.018798,-0.058766,0.104183,0.029821,-0.054914,0.058140,0.048947,0.082328,0.044113,0.030567,0.031665,-0.089953,0.049790,-0.082814,-0.153630,-0.070431,-0.061492,-0.020604,0.026955,0.001836,-0.047275,0.072533,-0.013750,0.015960,-0.085108,-0.036903,-0.056877,0.067644,-0.086593,-0.072459,-0.109159,0.061701,-0.123766,-0.095826,0.009266,-0.035407,-0.038367,-0.024858,0.018325,-0.044555,-0.000532,0.003006,0.024575,0.041275,-0.037855,-0.070657,-0.089229,-0.054998,0.033964,0.084564,-0.029314,0.079320,0.046836,-0.031487,0.032212,0.092466,-0.088436,-0.095979,-0.029896,0.095747,-0.085173,-0.040949,0.134569,0.097930,0.032979,0.047139,-0.123119,-0.094519,0.037380,0.024037,-0.046471,-0.003485,-0.026435,-0.082531,0.098356,0.089143,-0.011866,0.012814,0.108363,0.118088,-0.067712,0.098210,-0.063655,-0.058840,0.041087,0.019009,-0.035692,0.075896,-0.007526,-0.016616,0.053686,0.029556,-0.039559,0.007558,-0.015715,-0.018648,0.004343,0.030469,-0.025774,0.047597,-0.024162,-0.069131,-0.001659,0.106901,0.052950,0.106601,0.017456,0.020415,-0.035612,0.045070,-0.065131,-0.091450,-0.059737,-0.086614,-0.005230,0.035586,0.057930,-0.063729,0.023385,-0.011707,-0.013365,-0.098240,0.062834,0.057103,-0.024009,-0.072156,0.074724,-0.066429,0.069137,-0.090482,-0.023307,-0.082151,-0.055862,0.024693,0.082950,0.063873,0.007559,-0.025922,0.021596,-0.051860,0.003862,-0.062542,-0.005995,-0.037617,-0.046145,0.040273,0.002799,-0.058612,-0.059915,-0.112732,-0.013564,0.036405,0.007628,-0.099450,-0.001497,0.110549,0.029308,0.016108,-0.096220,-0.020488,0.072534,0.039370,0.013679,-0.038103,-0.055377,0.096690,0.009769,0.015496,0.058596,-0.085620,0.049924,0.005676,0.074384,-0.058161,0.111975,0.019428,0.007271,-0.011549,0.096543,-0.004732,0.065757,0.031536,-0.016500,0.087333,0.069683,-0.001284,0.037946,0.056119,-0.072232,-0.065865,-0.062002,-0.065846,-0.033710,-0.057555,0.071018,-0.004301,-0.115346,0.064680,-0.044045,-0.057428,0.012995,-0.057855,0.079032,0.040851,0.050963,0.086271,0.042682,-0.085914,-0.097249,-0.043046,-0.009562,-0.098371,-0.101871,-0.017024,0.078709,-0.109639,0.090697,0.039540,0.091709,0.085239,0.033404,-0.000330,-0.066006,0.042689,0.026596,-0.078045,0.083737,-0.028318,-0.117093,0.003232,-0.017375,0.061264,-0.044908,-0.057237,0.055448,0.046768,-0.044217,-0.054099,0.097836,-0.047639,0.123573,-0.040183,0.091566,-0.012333,0.053501,-0.090233,0.078115,-0.062459,0.054366,-0.014228,-0.057996,0.017965,-0.029192,0.066646,-0.050055,-0.086508,-0.061410,0.073801,0.093254,-0.035592,-0.044655,0.116351,0.010389,0.076189,0.036113,0.016673,-0.074766,0.086592,-0.092244,-0.003645,-0.047425,0.088946,-0.015657,0.000026,-0.015210,-0.102640,-0.085535,0.099143,-0.043304,0.077009,-0.106916,0.025129,-0.036039,0.034901,-0.005481,-0.075408,-0.034169,0.036074,-0.012953,0.003280,-0.035532,-0.098591,0.019110,0.032422,-0.045540,0.091120,-0.101791,0.012457,0.052415,0.019009,-0.006190,-0.031307,0.051261,-0.060333,0.065075,-0.024385,0.015814,-0.090262,-0.051755,-0.064251,0.052489,-0.058150,0.066580,0.043223,-0.021140,0.071871,-0.037947,-0.100354,-0.101726,-0.083810,0.031806,0.032308,0.072239,0.022015,-0.099892,0.092111,-0.101443,0.077990,-0.089433,-0.047142,0.023473,0.016961,-0.055018,-0.012204,0.097864,0.085548,-0.048813,0.120197,-0.056331,0.029105,0.010022,0.084058,-0.021008,0.028815,-0.074718,0.032727,0.074488,-0.119826,-0.116279,-0.104195,0.079023,-0.117236,0.042135,-0.046691,-0.090436,-0.100094,0.041798,0.065676,0.015051,-0.046142,0.041948,-0.100743,-0.020520,-0.048676,0.086251,-0.004556,0.051327,0.039037,-0.012292,-0.002264,-0.016543,-0.007092,-0.036935,0.014668,0.110242,0.069541,-0.075304,-0.071157,0.027064,-0.076682,0.095998,0.007959,0.076168,0.039311,0.085982,0.080072,0.033109,-0.036365,0.012961,0.058412,0.066129,0.059876,0.084589,0.027221,-0.045690,-0.035341,0.069497,0.006388,-0.004060,-0.096813,0.111330,-0.033763,0.050186,0.050249,0.115880,-0.060209,-0.014154,0.046397,-0.039917,-0.059506,-0.019359,0.030185,0.057610,-0.064012,-0.027692,0.060096,0.075184,0.010344,0.063205,-0.020064,0.006141,0.063193,0.006409,0.017675,0.076880,-0.005650,0.070947,-0.021130,0.044343,0.068091,-0.014051,0.040858,0.096368,0.046443,0.010591,0.104814,0.066549,0.089932,-0.010741,0.111801,0.072020,0.028127,0.095398,0.071888,-0.036852,0.004460,0.048636,-0.083002,-0.041611,0.042483,-0.040496,-0.017783,-0.044433,0.032169,0.015453,0.099686,0.054915,0.055856,0.052520,0.090033,-0.067205,-0.028429,0.050604,-0.053938,0.084639,-0.027511,0.077150,-0.024855,-0.114263,-0.090181,0.077116,-0.104766,0.075048,0.080170,-0.105876,-0.091659,0.059280,0.039071,-0.022358,-0.043761,0.018002,0.091554,-0.107592,-0.078884,-0.026268,-0.095675,-0.045923,-0.100191,0.037936,-0.073239,0.085698,0.073893,-0.067019,0.015457,-0.058636,-0.070448,-0.030422,-0.037559,-0.028013,-0.043068,-0.084873,0.025071,0.096309,-0.017521,0.015226,0.062911,-0.018169,0.058469,0.039585,0.037321,-0.090363,0.053629,0.093381,0.034466,-0.092329,-0.086570,0.105314,0.087079,0.046635,-0.028743,0.059632,0.011174,-0.054918,-0.073472,-0.023486,0.071995,0.020664,0.022168,0.106933,-0.076092,0.089208,-0.079450,0.079687,-0.048317,0.014756,0.103952,0.000730,-0.046656,-0.021181,0.079343,0.037984,0.002553,-0.034719,0.032046,0.073664,-0.015141,0.083212,0.012401,0.059802,0.024032,-0.049161,0.104549,0.083765,-0.093515,0.061812,-0.036794,0.025641,-0.085033,-0.073912,-0.093537,0.002259,-0.023221,0.083197,-0.085888,-0.100699,0.068025,-0.011688,-0.045249,-0.020082,0.089284,0.057728,-0.090465,-0.104456,0.074452,0.025619,0.001188,-0.062369,0.007366,-0.108555,-0.063963,-0.093793,0.050153,-0.091086,-0.082403,0.001643,-0.080634,0.005706,-0.072363,0.077751,-0.083330,-0.104688,-0.043310,0.089296,-0.077759,0.038272,0.077931,-0.051588,-0.101043,0.007253,-0.068178,0.006211,0.062931,-0.047603,-0.104299,0.020352,-0.035211,-0.067289,-0.064121,0.023451,0.034833,0.055069,-0.061073,0.100347,0.025895,0.013148,0.022496,0.009933,-0.047344,0.056922,0.016974,-0.028609,0.052759,-0.000218,-0.001604,-0.103979,-0.028431,-0.022456,0.010876,-0.081455,-0.057209,0.053082,-0.031948,-0.101253,0.113640,-0.070417,-0.104820,-0.004467,-0.077480,-0.033230,0.067906,0.025419,0.091453,-0.034523,0.038409,0.017690,-0.004143,-0.035433,0.032176,-0.086508,0.085097,0.087154,-0.080473,-0.101341,0.005655,-0.005517,0.043515,-0.039643,0.066249,-0.077845,0.100288,-0.068146,0.030125,0.052890,0.047639,-0.030999,-0.005641,-0.106943,-0.040494,0.065204,-0.090504,0.081682,0.066922,0.100375,-0.030853,0.014151,0.006963,0.028868,-0.040507,0.000320,0.010112,0.070569,-0.014847,0.091513,0.048351,-0.075065,0.101144,-0.037563,-0.018539,-0.028245,-0.075135,-0.057646,0.113457,0.076537,0.061007,0.121435,-0.026798,-0.048333,-0.012521,0.053229,0.051762,0.022606,-0.029683,-0.034907,-0.127641,-0.010251,-0.023991,-0.070754,0.095435,-0.078757,-0.049834,0.067884,0.035295,-0.020005,-0.025251,0.001549,0.076097,-0.000639,0.083628,0.042087,0.074774,0.070938,-0.059834,0.047951,-0.036682,-0.033974,-0.038535,0.027337,0.100034,-0.070543,-0.073910,0.007522,-0.058747,0.057812,-0.085632,-0.035423,0.059760,-0.061063,-0.004312,-0.026352,-0.035958,-0.060360,-0.036145,-0.011061,-0.105468,0.016391,0.053137,-0.048095,-0.009965,-0.069349,0.112276,0.051592,0.101833,0.026610,0.048568,0.075589,-0.052855,-0.074802,0.038460,0.094153,-0.004604,0.062355,0.076175,0.008794,-0.003513,-0.072518,-0.092470,-0.102392,-0.018360,0.058569,-0.096807,-0.004639,-0.021814,-0.072463,-0.100677,-0.048080,-0.046755,0.028609,-0.099113,0.063496,-0.018618,0.099774,0.002578,0.019534,-0.043274,-0.042554,-0.048173,-0.079048,0.045201,0.031776,0.005118,-0.071270,-0.082931,0.013322,0.055412,0.031662,-0.022880,0.104758,0.064134,-0.082949,-0.023143,-0.089877,-0.085771,0.029300,-0.086785,-0.070314,-0.120352,-0.048554,-0.117901,-0.102047,-0.060482,0.084486,-0.083101,-0.006246,-0.078926,0.079742,-0.050124,0.090298,0.013973,-0.037897,-0.012305,0.028330,-0.044541,-0.043437,-0.101708,-0.126411,-0.075459,-0.091075,-0.069181,0.048501,-0.037372,-0.000498,-0.086305,-0.020282,-0.087262,0.065331,-0.005169,0.011066,0.021853,-0.106795,0.029898,0.084496,0.036135,0.062623,-0.083175,0.036913,-0.087469,-0.090940,0.070688,0.082477,0.105493,-0.086605,-0.024168,0.088201,-0.047783,-0.073072,0.084800,-0.048789,0.059843,-0.083608,0.083197,-0.057916,-0.084248,0.062450,0.077821,-0.095866,0.032837,0.063518,-0.043297,0.021901,-0.096203,0.051870,0.030121,0.088829,-0.018158,-0.080916,0.023870,0.083599,-0.060750,0.026158,0.014962,0.005631,0.051341,-0.109117,-0.063746,0.035202,0.006028,0.038420,0.017630,0.003991,0.067449,-0.104830,0.076171,-0.018820,-0.069808,-0.105385,0.076633,0.017821,-0.051360,-0.008977,-0.053819,-0.049525,-0.039868,-0.043095,0.041353,-0.052405,-0.011908,-0.112823,-0.085615,-0.088125,0.042350,0.074139,0.075661,0.045649,0.032364,-0.095726,0.023383,0.032125,0.017721,-0.067437,-0.094469,0.033931,0.041087,0.085873,0.068642,-0.090634,0.021188,-0.055047,-0.027424,0.076959,0.065950,0.108759,0.045041,0.025291,-0.007180,-0.055601,-0.104241,0.077088,0.070232,0.047062,0.082757,-0.072074,0.051659,-0.075932,0.047104,-0.012907,-0.056800,0.100711,-0.100210,0.100138,0.081342,-0.032737,0.082160,-0.054362,-0.055125,0.071897,0.082950,0.103360,-0.054838,0.067849,0.074468,0.020617,0.099913,0.029493,0.044219,0.012528,-0.015430,0.061218,-0.074719,0.070105,-0.045040,0.043358,-0.006710,-0.052810,-0.098728,-0.034152,0.097977,-0.055874,-0.077526,0.060084,-0.020421,-0.074034,-0.078088,-0.049961,0.081075,-0.002393,-0.087790,0.053532,-0.088768,0.075420,-0.082635,0.081505,0.037111,-0.077528,0.058998,-0.044136,0.008786,-0.106750,0.084047,-0.034335,-0.053237,0.073365,-0.074872,0.020815,-0.085413,0.016814,-0.046335,0.047043,0.004256,0.054238,0.039723,0.089000,0.060735,0.019307,0.089099,-0.018745,0.122130,0.065553,0.095325,0.081772,-0.018718,-0.087401,0.094975,-0.079096,-0.021988,0.089983,0.067632,-0.000007,0.020214,-0.071397,0.100988,0.094292,-0.027070,-0.032242,-0.064899,0.069601,0.079876,0.108387,0.006021,-0.065421,-0.046150,-0.041168,-0.007286,0.091914,-0.058101,0.006008,-0.050798,-0.009574,-0.097450,0.080000,-0.072301,0.029386,-0.053651,-0.063314,0.060164,-0.066050,-0.116736,0.069806,-0.004213,0.030758,0.024900,0.007996,0.011497,-0.069389,0.081269,0.011761,0.062222,0.089654,0.066688,-0.044624,-0.067333,-0.009925,-0.004055,-0.003597,-0.034012,-0.037048,-0.085529,-0.010865,-0.038619,0.011508,-0.061918,-0.079170,-0.090129,0.076705,0.035954,-0.111629,-0.056898,0.035891,0.036528,-0.014269,-0.014026,0.018414,0.013792,-0.015331,-0.038265,0.026330,0.001377,-0.098485,-0.076787,0.013894,-0.062609,-0.074163,0.075773,-0.034435,-0.081583,0.091247,0.083831,-0.058361,0.137876,0.054083,0.081423,-0.081522,0.019512,-0.005082,-0.098008,0.088391,0.097039,-0.046799,0.067690,-0.047665,0.024586,0.029688,0.020347,0.021390,0.081618,-0.001568,0.081163,0.000501,-0.010569,-0.052628,-0.072606,-0.011867,0.112157,-0.004193,-0.064624,0.048292,0.098222,0.058007,0.027569,-0.000402,0.033684,0.006054,-0.069257,-0.011010,0.039921,0.012942,0.064699,0.068203,-0.056157,-0.077781,0.105242,-0.024592,0.088511,-0.008790,0.006755,0.097368,-0.088253,0.073193,-0.055893,0.000197,0.045009,-0.086388,0.031996,0.063415,0.040807,0.088708,-0.001302,0.061776,0.088037,0.000937,-0.062831,-0.054953,-0.039956,0.024567,0.078143,0.123178,0.117544,-0.019004,0.030548,0.092053,0.037764,0.015447,0.080926,-0.090730,-0.067784,-0.033913,-0.084327,-0.100932,-0.123979,0.021792,-0.069018,-0.007307,0.038863,-0.009917,0.007349,0.046061,0.014272,0.050583,-0.062466,0.072917,-0.078180,-0.040120,0.008020,0.026840,-0.105194,-0.100193,0.085819,0.085890,-0.089146,-0.037351,-0.088256,0.042988,0.031521,0.099619,-0.049820,0.041358,-0.014876,0.019522,-0.053951,0.072207,0.000782,0.029070,0.018924,0.068806,0.009007,0.010189,0.088480,-0.032224,-0.007903,0.056287,0.058420,-0.101500,0.055569,0.028735,-0.064454,0.018235,0.012378,0.012098,0.040472,0.015254,-0.030862,-0.057108,0.032403,0.081613,0.005530,-0.102966,-0.022314,-0.026961,-0.084271,0.010198,0.050249,-0.011007,0.089194,0.067413,0.043283,-0.041025,-0.035167,-0.018905,0.008354,-0.006504,-0.021416,-0.021094,-0.068276,-0.107872,-0.091686,0.083212,0.023198,-0.077935,0.090810,-0.008424,-0.028849,-0.089197,-0.108664,0.063117,0.069570,-0.069333,0.000381,0.075363,0.033199,-0.081612,0.052792,0.000346,0.090582,-0.070805,-0.079471,0.041168,-0.026889,-0.001206,0.101341,0.070162,-0.043708,-0.086165,0.014272,0.008640,0.045318,-0.083762,-0.039346,0.010090,0.023586,-0.018416,0.052144,0.087257,0.038317,-0.024102,0.054970,0.069592,-0.076792,-0.099457,-0.016429,0.104746,0.041354,0.098025,-0.013359,-0.082807,-0.083414,0.029919,0.029665,-0.055636,-0.004683,-0.019033,-0.085604,-0.060046,0.026334,-0.058472,-0.075375,0.081939,-0.007203,0.037811,-0.007790,0.043387,-0.001770,-0.040558,0.019456,0.065039,-0.019125,0.048852,-0.030719,0.002355,-0.069985,0.066693,-0.024013,0.011187,0.094316,0.006826,-0.019615,0.053071,-0.040974,-0.007196,0.030251,-0.054339,0.019683,-0.014831,0.081039,0.022365,0.085220,0.057320,-0.027326,0.036557,-0.008027,0.050838,0.087216,0.113787,0.068398,0.025962,-0.085337,-0.063561,-0.091407,0.007815,0.069349,0.078592,-0.006793,-0.092142,0.031954,0.057178,0.042416,0.007468,0.054031,-0.069507,0.020273,-0.020373,0.001049,0.076177,0.047460,0.072833,0.050152,-0.026902,-0.070199,0.066929,-0.117621,0.033312,-0.008404,0.015424,-0.036089,0.093894,-0.101029,-0.012593,0.001203,-0.091486,-0.061281,0.080670,-0.011868,0.034582,0.013544,-0.055080,-0.052632,0.078400,0.037357,-0.009103,-0.049664,-0.036641,0.000738,0.060490,0.073821,0.046440,0.061116,0.017284,0.019807,0.078357,0.038626
WEIGHTS1=0.061682,0.078048,0.028288,-0.007266,-0.017801,-0.040134,-0.015138,-0.041090,-0.057389,0.091991,0.086215,0.139258,0.009447,0.073778,-0.084093,0.039660,0.073558,0.083859,-0.085430,0.053548,0.071087,0.003345,0.035850,0.049082,0.046436,-0.058550,-0.072820,-0.002417,-0.084867,0.060239,0.066657,0.003562,-0.024497,-0.043248,0.031053,-0.045593,0.094676,-0.091480,-0.115577,0.104413,-0.110868,0.108522,-0.082170,0.119150,-0.041648,-0.058409,0.119176,0.098474,-0.030373,-0.106879,-0.080741,-0.116833,0.044507,-0.146809,-0.120881,0.073188,-0.095141,0.003872,0.108869,-0.057686,0.126752,0.042769,-0.034395,-0.039466,0.078282,0.084949,0.013105,-0.122445,0.104154,0.052073,0.016962,0.063214,0.098696,0.004363,-0.102001,0.010667,0.015762,-0.009327,0.060184,-0.098226,0.063858,-0.003252,0.062390,-0.087596,-0.118286,0.089417,0.004714,0.010689,-0.037923,-0.097877,0.080135,-0.085220,0.111150,-0.036740,0.109158,0.091245,0.061881,0.025610,-0.081042,0.041092,-0.051360,-0.068850,0.101770,0.062092,-0.104746,-0.004276,-0.051715,0.020826,0.027851,-0.057100,-0.031229,0.014386,-0.086379,-0.137062,-0.032950,-0.070178,-0.088467,-0.027539,0.068651,-0.007864,0.040572,0.048839,-0.081355,0.054452,-0.010722,0.053306,-0.048623,-0.021047,0.024246,0.069795,0.124434,0.116505,-0.123507,0.012424,-0.026026,0.087652,0.099170,0.121885,0.092001,-0.009146,0.104578,0.001751,0.077221,-0.129741,0.073645,0.068832,0.082624,0.067022,-0.042784,0.095166,0.076089,0.015107,-0.057747,0.084131,0.033487,-0.103429,-0.115496,0.071015,-0.081963,0.062053,-0.079574,0.027066,0.012736,0.060441,-0.045000,0.064354,-0.091622,-0.130084,0.075429,0.041580,-0.083348,0.137863,-0.040800,0.009741,0.074041,0.100486,0.083117,0.013163,0.107387,-0.066079,-0.115046,0.017256,-0.006743,-0.080969,0.105039,-0.084731,0.086160,-0.003605,-0.086294,-0.018648,0.035325,-0.042431,0.004994,-0.094784,0.045608,-0.068698,-0.059748,0.087844,0.000937,0.056041,-0.107524,-0.130494,-0.072720,0.123463,-0.002801,-0.034304,-0.062110,-0.066836,-0.094721,-0.044297,0.070362,0.061571,-0.115702,0.064680,0.058923,-0.092539,-0.035523,0.105452,-0.002262,-0.063578,0.087174,-0.024556,0.037069,0.032410,-0.104788,0.023838,0.049687,-0.101381,-0.049878,-0.083076,0.058453,0.063644,-0.071359,0.064989,-0.033164,-0.029449,-0.002490,0.060724,-0.068463,0.029832,-0.016349,-0.123603,0.094253,0.067197,-0.035537,0.068508,-0.009480,0.009607,0.023457,-0.077089,0.065657,0.101842,0.049500,-0.099917,-0.035602,0.039712,-0.051522,-0.113302,-0.044322,-0.109430,0.015134,0.002498,0.031126,-0.062472,0.034615,-0.007783,0.011458,-0.019572,-0.049093,0.034581,-0.061275,0.028359,0.092694,-0.024188,-0.065131,-0.120094,0.056601,-0.079980,0.093561,-0.025617,0.088804,-0.024918,-0.023318,-0.076105,0.062820,-0.031961,-0.109972,0.082970,-0.111769,0.015200,0.096840,0.116562,0.103494,0.034437,-0.075846,0.110231,-0.112428,-0.106711,0.019450,-0.097333,-0.031482,-0.006769,0.104916,0.017629,-0.108780,0.018239,0.080311,0.086673,0.084451,0.046337,0.039580,0.017798,-0.069396,0.033450,-0.029374,-0.072477,0.030017,0.112007,-0.114875,-0.026499,0.034476,-0.006295,-0.122112,-0.082513,-0.036868,-0.110333,0.075140,-0.087270,0.041195,0.077182,0.047119,0.025627,0.041127,0.111217,-0.039064,0.005782,0.128922,0.049577,0.126240,0.088153,0.077055,-0.050832,-0.086510,-0.130103,-0.078662,0.151223,-0.002089,0.083129,-0.104564,-0.007563,0.101839,-0.105221,-0.144036,-0.100300,-0.062033,0.003797,0.042897,0.046310,-0.029248,0.018234,0.057266,-0.040515,0.078347,-0.106782,-0.085729,-0.041848,-0.079029,0.074574,-0.004069,0.042230,0.065692,0.097457,-0.093076,-0.010567,0.031528,0.005246,0.018542,0.039256,-0.127689,0.080727,-0.047046,0.106008,-0.076318,0.035331,-0.114058,-0.070605,-0.059009,0.074392,0.113824,-0.130920,-0.057632,-0.029814,0.103179,-0.068345,0.089780,-0.062993,0.020036,-0.119321,-0.115710,0.037064,0.122884,-0.021713,-0.080765,0.043818,0.068800,-0.061700,0.110024,-0.057890,0.057519,0.102047,-0.029349,0.043893,-0.077016,0.058730,-0.036797,-0.118066,-0.025655,-0.009938,0.121031,0.098473,0.052420,-0.038617,0.035123,-0.044093,-0.082268,-0.085435,0.063728,-0.009047,-0.148599,-0.023055,-0.032157,0.013507,-0.028784,0.049494,-0.045626,0.035262,-0.132275,-0.121730,0.117610,0.092141,-0.121242,-0.043999,0.004939,-0.089122,-0.122000,-0.081943,0.060792,0.016113,-0.109751,0.076514,-0.072186,-0.121441,0.098684,0.118202,-0.103118,0.059540,-0.090787,0.012798,-0.017817,0.096627,-0.045552,-0.041692,0.040163,0.061941,-0.018158,-0.066668,-0.147961,0.045042,-0.100447,0.010614,0.023309,-0.111057,-0.122390,-0.093697,-0.043933,0.097786,-0.063963,-0.038376,0.023202,-0.091608,0.057734,0.105621,0.016332,-0.014030,0.092124,-0.111185,-0.037574,-0.040757,0.119446,0.039703,0.052238,0.130847,-0.063458,0.039992,-0.069704,-0.039865,0.089635,-0.099784,0.051636,0.104170,0.085215,0.047162,0.054495,0.087716,0.123090,0.068253,0.011639,-0.118348,-0.125671,0.082391,0.025643,0.018847,-0.015169,-0.111268,-0.082170,-0.011196,-0.020810,-0.111480,-0.068464,0.016145,0.004957,0.098600,0.084301,0.117002,-0.059300,-0.044670,0.013742,0.014994,-0.101701,0.127030,-0.060191,-0.071566,0.014175,0.103672,0.112491,-0.037071,-0.007054,0.069582,-0.090414,0.104948,-0.093671,0.031853,-0.121794,-0.102870,-0.097549,-0.015708,0.062338,0.095869,-0.116547,0.087493,-0.051558,0.067003,-0.069778,0.071215,-0.000086,-0.054628,-0.039870,0.020350,-0.082566,0.005080,0.020882,0.082493,0.029622,0.065927,-0.091786,0.119058,-0.062425,-0.048523,0.043146,-0.032313,-0.085246,0.038496,0.011756,-0.069408,0.109728,-0.050184,-0.111175,0.017336,-0.122625,-0.039441,-0.085083,0.040632,0.097886,0.071175,-0.107473,0.040644,0.080928,-0.061646,0.064889,-0.085555,-0.055182,0.105432,0.120166,0.004565,-0.018527,-0.060267,0.052863,-0.080539,-0.010053,0.024058,0.031297,0.074064,0.011253,0.044711,-0.015602,-0.105178,0.032031,-0.098976,-0.074798,-0.107171,-0.055249,0.072111,0.097036,-0.064453,-0.013803,-0.022154,-0.051489,-0.115555,0.109337,-0.107538,0.117905,-0.060366,-0.047778,-0.092608,0.016149,0.124432,0.073367,0.002240,0.051641,0.048235,-0.055715,-0.097407,0.046181,-0.065431,-0.070153,0.019488,0.024851,0.145404,0.017690,-0.020211,-0.004038,-0.070357,0.066858,0.051837,-0.079895,-0.143885,-0.103125,0.008558,0.104824,0.036512,-0.077426,0.035681,-0.085657,0.066243,-0.083216,0.077374,0.113913,0.028796,-0.047795,0.086334,0.032681,-0.082831,-0.161176,-0.086641,0.015586,-0.068197,0.127220,0.096089,-0.109206,0.012050,0.074429,0.089952,0.019128,0.015672,0.088990,0.122607,-0.100348,-0.086024,-0.097741,-0.104167,0.052503,-0.083918,0.101200,-0.104985,-0.114024,-0.110383,-0.118417,-0.005182,0.107112,-0.045014,0.060180,-0.024909,0.065716,0.050935,0.110908,0.020657,-0.066589,-0.114106,-0.074190,-0.065362,-0.107407,-0.043721,-0.079395,0.047535,-0.036661,0.057841,0.093947,-0.063507,-0.114876,-0.082428,-0.077611,-0.090373,0.101908,-0.005219,-0.061816,0.120281,0.097257,0.067800,-0.060790,-0.056028,0.029671,0.002000,-0.077744,-0.008851,-0.009860,0.027236,-0.101032,0.047559,0.035964,0.021158,0.025137,-0.021716,-0.027008,0.088859,-0.097889,-0.037803,-0.055743,-0.064223,-0.082014,0.088252,0.069975,-0.020905,0.035419,0.114645,-0.064626,-0.010953,-0.028425,0.130577,-0.052538,0.051937,-0.052662,0.059291,-0.092678,-0.007799,0.112805,0.100438,-0.119039,0.075020,-0.005160,0.043767,0.102125,-0.046852,-0.045087,-0.075016,-0.051819,-0.020753,0.082330,0.033656,-0.060560,0.092876,-0.038232,0.086041,-0.007489,-0.037344,0.034577,0.032575,0.111695,0.097036,0.033224,-0.043500,-0.073389,0.101200,-0.071012,-0.053160,-0.012929,0.064241,-0.065680,-0.033119,0.079426,-0.016528,-0.090133,-0.115124,-0.011900,-0.056812,0.018943,-0.105590,0.065378,-0.029882,0.047628,-0.104067,0.058037,0.021206,0.023013,0.040014,0.114876,0.113727,-0.030078,-0.012556,-0.000204,0.101584,0.130423,0.137958,-0.027723,0.112208,0.051135,-0.014231,0.050060,0.094195,0.020503,0.086926,0.085171,-0.027682,0.060508,-0.047569,0.115335,0.058254,0.043367,-0.100318,-0.029769,-0.097242,0.000680,0.016359,-0.038378,-0.044120,0.038147,0.128244,-0.032858,0.028487,-0.128225,0.065132,-0.094500,0.006080,0.107887,-0.016059,0.076041,-0.014657,-0.056815,0.093887,0.036788,0.084764,0.103058,-0.098866,0.076097,-0.067815,0.027158,0.002354,0.052967,0.111168,-0.026994,-0.047457,-0.097298,-0.012637,0.000568,0.016975,0.060379,-0.110123,0.046995,-0.062116,-0.023545,-0.104316,0.114161,0.028824,0.002495,0.012666,-0.005231,-0.140296,-0.069611,0.019409,-0.076822,0.022456,0.082221,-0.014492,-0.021859,-0.128424,0.094802,-0.123278,-0.082757,0.097397,-0.103422,-0.054802,-0.049732,0.009504,0.166864,-0.110800,0.117362,-0.012976,0.040129,0.138680,0.114842,-0.031023,0.061236,-0.090789,-0.055815,-0.040472,-0.060003,0.009154,-0.111508,0.089393,-0.079858,-0.039343,0.096049,-0.023830,-0.031198,-0.127346,0.110135,0.057220,-0.068370,-0.006878,-0.083055,0.110594,-0.009358,0.087037,0.045512,-0.009227,-0.037274,-0.090754,-0.104559,-0.003603,-0.032135,-0.073379,-0.081935,-0.000810,0.098236,-0.062873,-0.040824,-0.105121,0.005013,0.031516,-0.088134,0.012474,0.049700,0.111660,0.115506,-0.099428,-0.064126,-0.059524,0.056108,-0.019842,0.130774,-0.097852,0.093739,-0.076619,-0.066587,0.055787,-0.061544,-0.071863,-0.057713,-0.097270,-0.045978,-0.101761,0.005766,-0.110311,0.102995,0.045360,0.068957,0.082005,0.014435,0.110357,0.035091,0.054834,0.014090,0.061986,0.056260,0.053850,0.037196,-0.085435,-0.019648,0.035624,0.088962,-0.111212,-0.028729,-0.044054,-0.109240,0.047336,-0.041251,0.034860,0.108131,0.029146,-0.060132,-0.000021,-0.100860,-0.043588,-0.002175,0.016586,-0.058919,-0.009234,-0.058160,-0.099675,-0.050427,-0.114713,0.043609,0.021095,-0.101556,-0.047275,0.100590,0.005010,0.060938,-0.029397,-0.024022,-0.082405,-0.043899,-0.084657,-0.017469,0.045188,0.021184,-0.018947,-0.072704,-0.091667,0.073904,0.104505,0.104661,-0.045325,-0.027137,-0.090021,-0.100576,0.046467,0.080712,-0.064594,0.098923,-0.026032,-0.053242,-0.068416,0.057176,0.029148,0.012290,-0.007822,-0.110579,-0.161295,0.075149,0.031073,0.036605,0.098973,-0.044555,-0.024831,-0.086158,-0.059505,-0.001122,-0.081130,-0.091335,-0.025647,-0.020136,-0.047487,-0.111271,-0.078024,-0.062666,0.039688,-0.103339,-0.068841,-0.010882,-0.060575,0.041806,0.110202,-0.070838,0.105493,-0.018401,-0.046192,0.094504,-0.112610,0.075044,0.119293,-0.090041,-0.058267,-0.004704,0.042336,-0.032910,-0.032835,0.082515,-0.052896,-0.039546,-0.064212,0.021399,-0.111521,-0.016879,0.059662,0.004285,-0.090896,0.051581,0.022318,0.021448,0.105637,0.121512,-0.055995,-0.101321,0.107164,0.009147,-0.056514,-0.098585,0.076279,0.134454,-0.115932,-0.071832,-0.092577,0.016001,-0.045540,-0.046177,-0.014607,-0.133571,0.024390,-0.001019,-0.097931,-0.058144,0.076376,0.042800,0.094767,-0.108355,-0.071956,0.099980,0.075811,-0.124706,-0.032904,0.049697,0.092567,0.117767,-0.074704,0.078744,0.097846,-0.075291,0.013018,-0.030176,0.065841,0.065652,0.032105,-0.016434,0.087825,0.109875,-0.049507,0.086042,-0.030194,0.128857,0.115482,0.041486,0.047279,0.060022,0.042319,-0.050154,0.048049,-0.062694,0.003559,-0.013124,-0.071535,0.028362,0.034940,0.125832,-0.086407,0.023170,0.104463,0.015063,-0.109028,0.030901,0.059562,0.082904,0.058009,-0.101735,-0.094306,-0.070860,-0.024498,0.008659,-0.110613,-0.041326,-0.099408,0.094182,-0.018298,0.108045,-0.052309,0.051761,-0.000625,0.046588,-0.142452,0.011110,-0.023958,-0.080967,0.012534,-0.081808,-0.001566,-0.034081,-0.073294,0.000883,-0.091720,-0.032425,0.119451,0.105393,0.067603,0.042341,0.091593,-0.009065,-0.028785,-0.016118,0.092737,0.044346,0.029284,-0.099761,0.048693,-0.087717,-0.071633,0.075223,-0.000084,0.042552,-0.067188,-0.021506,-0.000376,-0.100604,-0.016635,0.059747,-0.060376,-0.040286,0.071875,0.031863,-0.029043,-0.053134,-0.051834,0.041858,-0.116412,-0.100451,-0.007767,-0.031531,-0.120177,0.109997,0.051603,0.055444,0.001778,-0.037067,0.076450,-0.101900,0.114255,-0.114118,-0.070195,0.083354,0.097278,0.013410,0.110605,-0.099035,0.002266,0.056169,-0.070354,-0.137123,0.031726,0.094177,-0.063088,-0.021512,-0.007005,-0.001250,0.095961,-0.006682,-0.031306,0.083532,-0.010888,-0.059291,-0.078928,-0.112794,0.049817,0.025575,-0.119319,-0.001089,-0.011243,0.116899,0.071210,-0.015685,-0.081021,-0.030549,-0.018793,-0.051891,0.027446,-0.084441,0.050762,-0.083463,-0.033721,-0.052594,-0.120413,0.074550,0.060055,0.063590,0.135637,0.089648,-0.012548,-0.064624,0.035703,0.058158,0.009945,-0.079195,0.041790,0.104134,-0.097236,-0.071401,0.082831,-0.121368,-0.033339,0.100959,-0.021756,0.016017,0.115177,0.079307,-0.079859,0.063567,0.062623,0.035491,-0.092921,-0.095282,-0.041232,-0.024958,-0.051083,-0.003100,-0.010292,0.036027,0.073652,-0.048303,0.068305,-0.096377,0.104547,-0.100126,0.003886,-0.057082,0.040296,-0.100244,0.145392,0.024857,-0.086283,-0.037853,-0.036257,0.137864,0.116557,-0.062530,0.071026,0.023317,-0.094324,0.060231,0.051028,0.122061,0.022808,0.085404,0.023066,-0.128449,0.009340,0.025017,0.023402,-0.047533,0.057826,-0.010778,0.082462,-0.094836,-0.052365,-0.040253,-0.069432,-0.029890,0.035186,0.099845,-0.121147,-0.077385,-0.122680,-0.031389,-0.047522,0.126521,-0.018397,-0.091761,-0.111788,-0.010593,0.050361,-0.090036,0.086240,0.097781,0.040201,0.077950,-0.032243,0.059493,-0.030957,-0.064730,0.081540,0.060513,-0.023173,0.068548,0.106405,0.006164,0.122923,-0.058648,0.097697,-0.057143,-0.073783,0.117709,0.067050,0.055245,-0.095422,-0.022287,0.050389,-0.041219,-0.017168,0.033262,-0.058459,-0.095485,-0.015961,0.125888,0.083869,0.061344,0.004835,0.007322,-0.106721,-0.067110,0.022697,-0.060122,-0.012728,0.040680,0.038061,0.034560,-0.097132,-0.037225,-0.013797,-0.096024,-0.037567,-0.066671,0.137183,-0.043207,0.003252,0.130511,0.091987,-0.099005,-0.060097,0.022815,0.047375,0.059039,0.060826,-0.097585,0.005494,-0.059882,-0.048718,-0.112898,-0.123636,-0.017232,0.034058,-0.012424,0.032795,-0.029837,-0.056506,0.063269,-0.104233,0.120913,0.016008,0.067100,0.004900,0.009381,0.040290,-0.022143,-0.114437,0.035625,0.078477,-0.112710,0.065757,-0.078650,0.086922,-0.047805,-0.065626,0.020301,0.116875,0.012168,0.046775,0.059959,0.068227,-0.102462,0.104029,-0.013699,-0.037355,-0.018693,-0.110979,0.097552,-0.008856,0.104837,-0.029431,-0.023343,-0.019004,-0.122657,-0.109283,-0.046703,-0.081461,-0.122869,0.009242,-0.058847,0.083636,0.033566,0.015912,0.071353,0.094497,0.029469,-0.051808,-0.011357,-0.046127,0.041484,-0.100345,0.044557,0.015490,-0.069395,-0.063074,0.042898,0.041631,-0.103414,-0.067532,-0.053281,-0.019698,-0.081457,0.111365,0.078760,-0.124056,-0.001132,0.043778,-0.116035,-0.058695,-0.015466,-0.064491,-0.008374,0.019424,0.047402,0.098434,-0.104985,0.018838,-0.053663,0.093963,0.066109,0.048795,0.099998,-0.099614,-0.020250,-0.077228,0.028089,0.066195,0.047498,0.093299,0.125333,0.000883,-0.030149,-0.009003,-0.030023,-0.081481,-0.020669,-0.030527,0.035450,-0.103559,-0.006726,-0.073507,-0.084301,-0.058915,-0.100078,-0.074725,0.065058,-0.107538,0.075358,-0.034033,-0.035026,0.051379,0.085141,0.090801,0.068085,-0.032403,-0.017848,0.036219,-0.056046,0.121069,-0.152556,0.069334,-0.010117,0.040610,-0.033210,0.055006,-0.053293,-0.032895,-0.019559,-0.115390,0.067891,0.008534,0.081152,0.015326,0.073921,-0.061050,0.001711,-0.079077,-0.135775,0.026469,-0.014538,0.056669,0.016757,0.063568,0.060333,-0.106027,0.071619,-0.086052,0.101968,-0.120582,0.025944,-0.069144,-0.105750,0.018816,0.044965,0.106322,0.081152,-0.087529,0.022284,0.001911,-0.032817,0.024336,0.051790,0.063784,0.012771,0.034433,0.073813,-0.092794,0.028877,-0.080753,-0.116752,-0.118800,-0.061115,-0.004590,0.104844,0.107940,0.015782,-0.019844,0.064492,0.010106,0.043367,0.011081,0.026795,0.092987,0.096441,0.055012,0.056383,0.049945,0.059871,0.128290,-0.102697,0.022979,0.029628,0.028554,0.040606,0.079736,-0.107035,-0.037286,0.098746,0.007809,0.039861,0.073315,-0.063041,0.066484,-0.086086,-0.031359,-0.053887,-0.118169,0.065720,-0.077238,-0.066169,0.009224,0.079173,0.065045,0.026882,-0.048176,-0.056171,-0.099252,0.070673,0.010299,0.016087,0.109710,0.085323,-0.044109,-0.043609,0.112981,0.000177,0.003390,0.034082,-0.095817,-0.129840,-0.053416,-0.113467,-0.040739,-0.141901,0.048925,-0.047479,-0.072391,-0.081743,0.113245,0.099597,-0.071569,-0.092925,-0.002713,0.104339,0.047731,-0.041375,-0.120658,0.066622,0.083555,-0.035714,0.053560,-0.087286,-0.078686,-0.034279,-0.086631,-0.026136,0.107663,0.034003,0.110840,-0.067087,0.061785,0.123052,0.078882,0.110995,0.107951,-0.028081,0.057105,0.075366,0.022205,-0.021283,0.110204,0.035017,0.027485,-0.079755,-0.022040,-0.010331,-0.016803,0.053430,0.038458,0.038683,-0.017798,0.039813,-0.011051,-0.078061,0.103689,0.053277,0.057001,0.113625,-0.084569,-0.065351,0.007275,-0.015214,-0.096658,0.065664,0.015565,-0.003267,0.102879,0.090554,0.079367,0.046291,-0.063487,-0.104145,-0.018375,0.031614,0.085031,0.001521,0.116638,-0.095997,0.081374,0.103189,0.068502,-0.005956,-0.081551,-0.032559,-0.052152,-0.122912,0.058689,0.026454,-0.034523,0.074517,-0.011266,-0.000720,-0.129270,-0.034549,-0.015851,-0.022229,0.132650,0.075399,0.049559,-0.063418,-0.090636,0.053224,-0.120115,-0.097576,-0.046052,0.022242,0.103603,-0.002955,-0.062043,-0.069739,-0.044017,0.097400,0.073110,-0.031898,0.012436,-0.082927,0.086576,-0.053909,-0.086420,-0.007581,0.094125,0.046813,0.018627,-0.124378,-0.080808,0.076531,0.047064,0.072603,0.098071,-0.085260,0.079324,0.034905,0.046270,0.009759,0.061729,0.052435,-0.069154,0.080837,0.056459,-0.109267,0.053154,-0.002762,0.003278,0.103785,-0.105598,-0.019212,0.052623,-0.102862,0.052059,-0.062448,0.085275,-0.106535,0.098385,0.034652,-0.033051,-0.060613,0.043362,0.001689,0.096453,-0.011299,-0.070125,0.033590,0.093477,-0.007558,0.032358,0.030174,0.072517,0.115170,-0.139361,0.051738,0.019791,0.058781,-0.003247,-0.089964,0.021434,0.014231,-0.110957,0.083224,-0.028151,-0.068558,-0.104534,-0.026926,-0.055816,-0.028471,0.087061,0.103033,0.003705,0.070119,-0.070948,-0.116560,0.096308,-0.012282,0.000736,0.086493,0.005607,0.014017,0.003137,-0.118265,-0.007241,-0.022264,0.107089,0.116443,0.036587,0.050072,-0.069837,0.068726,-0.073558,0.044546,0.072235,0.104048,0.026599,-0.025204,-0.079092,-0.040451,0.009118,0.045540,-0.025193,0.107047,-0.124616,0.019872,0.062154,-0.075164,0.014892,0.014779,-0.015813,-0.025869,-0.082996,-0.048957,0.128311,-0.109040,-0.026029,0.064713,0.092663,0.052337,0.004995,0.116975,-0.093171,-0.043867,-0.008763,0.039775,-0.072716,0.011305,0.057445,0.102886,-0.112360,0.003108,0.081808,-0.090029,0.036385,-0.101589,-0.001983,-0.064494,-0.113844,-0.023543,0.059880,-0.088593,-0.073273,0.123406,-0.105988,-0.107349,-0.089165,0.096619,-0.093293,-0.117212,-0.110778,0.083998,0.028902,0.000811,-0.108328,-0.044946,-0.006061,0.057179,-0.038983,0.110667,0.094940,0.077533,-0.020456,0.080242,-0.056578,0.058102,-0.054251,0.061198,0.004960,0.041427,0.042662,-0.041793,-0.113524,0.025909,0.091309,0.059794,0.030771,0.105605,-0.083940,0.006932,0.044130,0.081925,0.041836,-0.063761,0.089844,0.017967,0.002711,0.005937,0.007134,-0.029242,-0.046484,-0.091484,-0.113785,-0.083773,-0.010253,0.043462,-0.101531,0.030714,-0.075150,-0.135255,-0.051570,-0.026280,0.089368,-0.053910,-0.128167,-0.084454,-0.033980,0.068260,-0.049492,0.010550,-0.066848,0.067784,-0.104093,-0.119066,0.091603,0.044893,0.116672,0.040598,0.027238,-0.037229,0.056751,0.106761,-0.113102,-0.059187,-0.033744,-0.134592,-0.015348,0.082359,-0.103452,-0.022382,-0.102693,0.003959,0.108649,-0.059484,-0.028270,0.066844,0.115115,0.067524,-0.027024,0.063852,-0.098354,0.076955,-0.100890,0.066039,-0.103032,-0.070476,-0.047747,-0.051528,-0.035375,-0.097104,0.112308,-0.092031,-0.095230,-0.034963,-0.072488,0.066979,-0.094999,-0.067945,-0.040852,-0.086806,0.061460
WEIGHTS2=-0.002332,-0.005338,0.031297,-0.138917,-0.171683,-0.013225,0.056602,0.181998,0.141226,0.096130,0.005436,-0.084808,-0.013900,-0.168733,0.068628,0.108060,-0.147127,0.084355,0.055928,0.083672,0.094880,0.148162,0.080100,0.061945,-0.029620,0.139430,-0.002626,-0.092998,0.153271,0.017020,0.135672,-0.033804,-0.115938,0.004476,0.130717,0.123114,0.022295,-0.059899,0.152080,0.052115,-0.083534,-0.178589,0.021452,0.010361,-0.046091,0.097093,0.147811,-0.043374,0.129111,-0.096231,-0.087381,-0.107699,-0.119517,-0.010933,-0.055531,-0.181632,0.055381,-0.166295,0.122660,0.103927,0.044493,0.112472,-0.160995,-0.128887,0.105472,-0.091233,0.076667,0.128295,-0.175276,0.014063,-0.072373,0.057805,0.013720,0.009777,0.129404,0.085651,0.160190,-0.114551,0.067883,-0.086840,-0.176469,0.131141,0.136322,-0.052781,0.067633,-0.010487,-0.008918,-0.111400,0.149706,-0.114789,0.014523,0.023640,0.054079,-0.104668,0.114284,-0.111450,0.108407,0.054203,0.164042,0.090625,-0.082154,-0.014807,-0.071064,0.189351,0.065410,0.178386,0.035409,-0.009682,0.112055,-0.021859,-0.048420,0.100258,0.083866,0.096953,-0.086493,0.020804,-0.075860,0.168920,-0.092367,-0.130519,-0.166150,-0.149817,-0.025595,0.099594,0.055440,-0.028249,-0.106777,0.125684,-0.115592,0.150077,-0.088554,-0.124122,-0.029697,-0.129318,0.077717,0.032451,-0.098160,0.036267,-0.103535,0.033341,0.092896,0.109791,0.063478,-0.064099,-0.165646,0.011146,-0.071144,-0.005213,0.072119,0.164677,-0.044418,0.008298,0.047071,-0.122584,0.149195,0.082818,0.196441,-0.081473,0.062714,-0.173948,0.109699,-0.084861,-0.133189,-0.064665,-0.065934,-0.067559,-0.002310,0.118782,-0.001505,-0.022378,0.152352,-0.000143,-0.159264,-0.067467,0.166577,-0.040917,0.027207,-0.057395,0.124245,0.011477,-0.138414,-0.110311,-0.045465,-0.026892,-0.131263,-0.158726,-0.106726,0.000976,0.125081,-0.023065,0.141234,-0.187844,0.005103,0.036475,0.207856,0.083878,-0.146666,0.091508,-0.092881,-0.120971,-0.016445,-0.149979,-0.012288,0.095343,0.057226,-0.058888,0.096683,-0.069511,0.073803,0.074707,-0.136978,0.124595,0.068448,-0.086433,-0.063308,-0.030356,0.050270,-0.081020,-0.093039,0.082922,0.029204,-0.038473,0.109232,-0.195987,0.087233,0.133196,-0.005855,-0.152128,-0.138182,0.135968,0.008053,0.129307,-0.021706,0.094053,-0.171183,0.170764,0.107232,0.128273,0.077154,-0.102716,-0.125496,0.150126,0.060548,-0.179585,-0.047772,-0.134640,0.119694,-0.097006,-0.104516,0.009748,-0.033148,-0.069311,-0.040010,0.048604,0.115652,0.121033,-0.076688,0.082713,-0.111786,-0.015135,0.037351,0.123932,-0.099674,0.155777,-0.071083,0.038607,-0.053723,-0.124529,0.141704,-0.131817,-0.086283,-0.124150,-0.106200,-0.065888,-0.133278,0.026626,0.014972,-0.049057,0.009922,-0.004177,-0.074676,0.109800,-0.049854,0.021432,0.026911,0.071797,0.073729,0.154596,0.040970,0.012957,0.002898,0.048584,-0.128459,-0.122928,-0.153004,-0.145287,0.152654,0.093821,-0.133309,0.078977,0.162173,0.090221,0.014010,-0.088616,-0.152726,-0.044001,0.156350,-0.011243,0.134515,0.149140,0.027174,0.149291,-0.036847,-0.000395,-0.041764,0.146637,0.053622,-0.131513,0.046984,-0.137525,0.018895,-0.093205,-0.152951,-0.105515,-0.049744,-0.084180,0.151198,0.123320,0.149083,0.172976,0.133523,-0.015954,-0.112692,-0.137294,-0.107272,-0.114595,0.068708,-0.045206,0.129008,0.059340,-0.124478,0.158237,0.111464,0.062749,-0.129108,0.089099,0.084096,-0.128995,0.036947,0.082379,-0.161453,0.118720,0.151353,-0.155901,0.032337,-0.062241,0.118624,0.063261,-0.120477,-0.073910,0.008410,-0.075568,-0.000243,0.114833,-0.005921,-0.074699,0.165484,-0.159709,-0.040751,-0.152881,-0.137227,0.152352,-0.129799,0.094368,0.011258,-0.048290,0.123933,0.043895,-0.077020,-0.108943,-0.030562,0.045626,0.106064,0.053262,0.035908,-0.018350,-0.006563,0.076999,-0.131258,-0.066300,-0.082753,0.092045,0.047837,-0.156910,0.108352,0.118924,0.005061,-0.047183,-0.060206,-0.155166,0.127171,-0.104879,-0.162771,0.138377,0.014959,-0.172782,0.121081,-0.147401,-0.176535,0.153529,0.069235,-0.055319,0.030636,-0.080186,0.108444,0.133421,-0.073740,0.166868,-0.099791,-0.069937,0.140716,0.047713,0.138089,-0.095617,-0.082995,0.133975,-0.141869,-0.000167,0.144762,-0.076738,-0.136821,-0.034270,0.079594,-0.016710,-0.070373,-0.069825,-0.103500,-0.109542,-0.041186,0.183408,-0.032159,-0.073841,0.045087,-0.120910,-0.038220,0.072066,-0.046360,-0.062892,0.154475,0.080983,-0.081558,-0.038975,-0.027240,0.124718,0.058896,0.021821,0.173021,-0.037328,0.038838,0.046279,0.109916,-0.166919,0.083486,0.097322,0.078052,0.030310,-0.102620,-0.094736,0.081023,0.044215,-0.002461,0.138315,0.142261,0.014824,-0.146043,-0.130384,0.101824,-0.050324,0.111882,0.060911,-0.028445,0.174013,0.138861,0.053755,0.031103,0.001219,0.076107,-0.133212,-0.188629,-0.159782,0.148025,0.094369,0.123032,-0.066331,0.178255,0.146836,-0.052689,-0.090110,0.065617,0.168392,-0.028802,-0.077479,-0.031539,-0.040833,0.030468,0.130809,0.044131,0.015723,-0.062742,0.014892,-0.079466,-0.165097
WEIGHTS3=0.079006,0.027259,0.184141,0.193120,-0.139613,0.044618,-0.104001,0.051233,-0.175896,0.049483,0.081097,-0.170551,-0.144110,-0.008583,-0.062348,0.145276,0.189648,0.076842,0.131070,0.032466,-0.155432,-0.013877,-0.196070,-0.082087,-0.169961,-0.122681,-0.208306,0.137109,-0.124292,0.177109,-0.194595,0.057088,0.160693,0.237721,-0.092139,0.012220,0.197749,-0.192651,0.166441,0.097512,-0.198917,-0.031587,-0.236040,0.238337,-0.185053,0.171741,0.178394,-0.172390
WEIGHTS4=-0.087962,-0.691194,0.717296,-0.992668,0.000891,-0.120872,-0.082907,0.722669,0.686204
BIASES0=-0.061681,-0.036186,-0.020512,0.028468,0.025521,-0.009546,-0.135547,-0.088392,-0.091312,0.006239,-0.045741,-0.062423,0.072076,0.005163,0.068586,-0.021119,0.000237,0.043002,0.056307,-0.058032,-0.106676,0.127389,-0.091662,-0.033146,-0.015889,-0.031379,0.085201,-0.030481,0.081314,-0.002594,-0.020790,0.036904,-0.009784,-0.059655,-0.027606,-0.049502,-0.046765,0.001588,-0.055656,0.048601,-0.063757,0.046287,-0.028024,-0.072813,0.113903,0.024729,-0.081642,0.011920,0.060450,-0.068682,0.024544,-0.015575,-0.046045,-0.026368,0.111331,0.081316,0.049507,-0.018895,-0.085372,-0.095460,0.117887,-0.048027,0.016107,-0.023864
BIASES1=0.070294,-0.189300,0.082411,0.018702,-0.134440,-0.027908,-0.055658,0.065448,-0.028767,0.139679,-0.159160,0.009919,0.006022,-0.061725,-0.179869,-0.079690,0.033346,0.027740,-0.062718,0.040346,-0.184555,-0.124896,-0.054212,-0.017700,-0.013110,-0.109668,0.039318,0.155513,-0.050379,0.110374,-0.036393,-0.067169
BIASES2=-0.053434,-0.175357,-0.095434,0.020536,0.068266,0.177295,0.155964,-0.106069,0.016998,0.064954,0.124645,0.256250,-0.046314,-0.223999,0.029338,0.183548
BIASES3=0.127486,-0.152233,0.103054
BIASES4=0.0,0.0,0.0
GAMMAS0=0.971737,1.005126,1.014655,0.987252,1.013441,0.990194,0.987981,0.983762,0.961671,1.001211,0.970955,1.004708,0.969855,0.999252,0.986566,0.979707,0.980040,0.972858,0.987229,0.988914,0.980860,1.002619,0.976612,0.966550,0.971803,1.004790,1.024532,0.984512,0.970882,0.947803,0.984020,1.003907,0.992295,0.989348,0.985028,1.021826,0.986608,0.998822,0.983882,1.018097,0.988145,0.991823,1.002518,1.012972,0.964866,1.007731,0.976368,0.987073,1.024013,0.997615,0.982909,0.989298,0.969561,0.988291,0.992527,0.974905,1.009249,0.962930,0.974138,0.998289,1.003740,0.987414,0.965236,0.993412
GAMMAS1=0.971766,0.988388,0.986970,0.998489,0.985997,0.985872,0.991000,0.997917,1.001614,1.011589,0.994000,0.991354,0.994679,0.983257,1.000036,0.976711,0.991565,0.995472,0.991430,0.963845,0.997585,0.986641,0.967520,1.012323,0.995988,1.000402,0.954202,1.005256,1.011957,0.984169,0.984159,0.993571
GAMMAS2=0.971043,0.985587,0.978239,0.982672,0.988143,0.992112,0.990645,0.994993,0.986021,0.993633,0.998400,0.986769,0.986698,0.981192,0.996230,0.983660
GAMMAS3=0.951888,0.953898,0.956124
BETAS0=0.029041,-0.009107,0.009995,0.026113,-0.037136,0.083409,0.050603,0.059091,0.045658,0.028366,0.033015,0.060433,0.081522,0.014482,0.041712,-0.053704,-0.144864,0.006869,-0.042756,-0.076669,-0.057034,0.128458,-0.024080,0.036770,-0.027277,0.014395,0.068520,-0.110294,-0.005674,0.011497,-0.002892,-0.079337,-0.017657,-0.031466,-0.059945,-0.009064,-0.048730,-0.010745,0.037711,-0.027998,-0.004623,0.082447,-0.017796,0.012491,0.097119,0.008695,0.072999,-0.055999,-0.010991,-0.024847,-0.003792,0.007701,-0.079229,0.131445,-0.146169,-0.038855,0.020891,0.001060,0.047667,0.047428,0.026703,-0.066041,-0.003012,0.047140
BETAS1=0.053004,-0.058923,0.043497,0.004262,-0.003830,-0.020565,-0.047292,-0.021214,-0.065789,-0.109352,0.090524,0.044013,-0.047818,-0.023866,0.118360,-0.020273,-0.081613,-0.080273,0.012436,0.173892,-0.091833,-0.004740,-0.009521,-0.074085,0.009045,0.030640,-0.027337,0.007711,0.013553,0.005181,0.039571,-0.045439
BETAS2=0.003768,-0.048787,0.025538,-0.052597,-0.065300,0.046460,-0.080871,-0.129202,0.036937,-0.089592,-0.015757,0.023070,0.041978,0.018031,-0.093669,0.027252
BETAS3=0.002512,-0.001760,0.000839
EXPECTATIONS0=-0.122778,-0.165850,-0.588164,-0.757493,0.297341,-0.605430,-0.298558,-0.549395,-0.520530,-0.125943,-0.330821,-0.467507,0.361995,0.269849,0.140342,0.414732,0.321536,0.378435,0.189905,-0.591610,0.175808,0.348430,0.041342,-0.386443,-0.166825,-0.207310,0.030816,0.273489,-0.107087,-0.167348,0.339961,-0.596430,0.458688,-0.140918,0.524390,-0.045091,-0.138974,0.122414,-0.582403,0.288921,-0.698788,0.174243,0.218099,-0.392630,0.241401,-0.060223,-0.175216,0.106912,0.477472,-0.180898,0.265491,-0.172400,0.341629,0.574195,0.145950,0.040880,-0.186353,-0.554372,0.242974,-0.192124,0.060230,-0.179989,-0.145704,0.557366
EXPECTATIONS1=0.035716,-0.114199,0.070296,0.069485,-0.125590,-0.004547,-0.072762,0.013804,0.029351,0.078926,-0.090747,0.030252,0.008330,-0.037468,-0.122787,-0.005900,0.009427,-0.001124,-0.057423,0.098211,-0.188249,-0.096417,-0.079293,-0.019593,-0.086067,-0.126711,0.042145,0.138697,-0.048066,0.047844,-0.048466,0.018015
EXPECTATIONS2=-0.040236,-0.102681,-0.038432,-0.007950,0.033918,0.199048,0.141373,-0.123546,0.001094,0.038419,0.050729,0.309917,0.013222,-0.230062,-0.006373,0.179485
EXPECTATIONS3=0.092780,-0.072055,0.014080
VARIANCES0=0.028153,0.034727,0.024482,0.017019,0.037836,0.023322,0.032462,0.030946,0.020979,0.038294,0.025916,0.027026,0.022486,0.038443,0.031597,0.032044,0.037500,0.026256,0.041106,0.023616,0.033031,0.029591,0.029513,0.032097,0.034590,0.034061,0.030237,0.026995,0.037753,0.027482,0.032593,0.030431,0.026218,0.024869,0.035237,0.040462,0.031632,0.045442,0.022206,0.024816,0.015958,0.037988,0.034016,0.031393,0.025645,0.039862,0.029993,0.032457,0.036331,0.034568,0.025921,0.033841,0.028433,0.024110,0.036954,0.026532,0.041609,0.032663,0.039864,0.035622,0.035516,0.037743,0.032450,0.026328
VARIANCES1=0.527927,0.577548,0.642117,0.460286,0.550500,0.710558,0.595026,0.617122,0.599729,0.669239,0.724402,0.542411,0.534595,0.647546,0.635074,0.567324,0.558982,0.564422,0.475814,0.519134,0.538518,0.584524,0.445017,0.540242,0.515037,0.481004,0.412821,0.562169,0.526730,0.457659,0.496040,0.577367
VARIANCES2=0.608538,0.545290,0.634402,0.463208,0.569474,0.470550,0.631571,0.436042,0.500986,0.487145,0.716086,0.484764,0.523683,0.509743,0.527447,0.590095
VARIANCES3=0.415207,0.394027,0.461909
APPLY_BATCH_NORM
... ANNB


PBMETAD ...
ARG=ann.node-0,ann.node-1,ann.node-2 SIGMA=0.1,0.1,0.1 HEIGHT=1.2
TEMP=300 PACE=500 BIASFACTOR=20 LABEL=pb
FILE=hills_pc0.out,hills_pc1.out,hills_pc2.out
GRID_MIN=-3.5,-3.5,-3.5 GRID_MAX=3.5,3.5,3.5 GRID_BIN=5000,5000,5000
... PBMETAD

# monitor the cv and the metadynamics bias potential
PRINT STRIDE=1 ARG=dist,coord,ann.node-0,ann.node-1,ann.node-2,pb.* FILE=colvar.out
